41
403.75 296.49899999999997 105.25 93.001 0.0
393.83299999999997 106.417 8.917 7.417 0.0
417.75 512.938 10.625 10.063 0.0
144.2045604 391.6870153 14.598 12.74 -7.388673714858726
120.625 55.875 8.125 7.375 0.0
158.7821875 114.1044105 12.25 9.908 -12.175192091829736
186.6072183 129.1302359 8.82 7.036 -8.534448731969594
224.4674179 159.9124245 8.375 7.01 -7.336798198990157
266.2732832 81.0062298 8.875 6.69 -7.250094381888635
151.44694959999998 244.469135 13.0 11.491 -18.590771506174416
179.25265100000001 315.25112 10.0 8.5 -6.534439721334216
221.2646914 313.3318346 9.125 7.93 -9.473625008374757
104.0 295.625 8.75 8.625 0.0
217.25834730000003 489.9077332 9.744 9.08 -22.549350898075968
170.500431 535.5036879999999 11.5 10.0 -8.35454904197777
134.771977 559.2219759999999 15.237 14.522 -27.697697248668486
83.03814599999998 596.5651780000001 11.375 10.191 -36.193771218201114
265.7885635 596.9765140000001 10.875 10.369 -27.761742809393276
284.2736772 424.2953399 7.458 6.908 -31.601496438707997
283.0237344 310.572353 6.976 6.395 -27.579755379276193
282.1957615 206.4690807 6.455 5.937 -20.787402521259814
421.75 581.125 11.25 10.5 0.0
751.583 557.751 11.167 10.999 0.0
694.6146476 528.1331541999999 15.166 13.442 36.57540582236517
659.001 508.35799999999995 11.5 10.374 0.0
608.290571 468.8692669999999 9.93 9.022 23.242227808724213
538.4951494 411.71641179999995 5.977 5.653 24.394164126552152
667.3948706 366.5035542 14.048 12.278 26.085867807394955
585.0692533 297.38164789999996 9.429 7.681 19.16512652465218
624.9590741 295.7380377 10.128 8.138 13.37338801394003
525.2669845 300.19198389999997 6.125 5.426 11.367238347229126
697.0292124999999 269.814551 10.293 8.562 8.395062351104894
643.8495333000001 224.45877309999997 13.481 10.663 13.415058594485952
564.8140845 147.03811399999998 8.362 6.502 6.805229272258129
514.688 197.771 5.688 4.938 0.0
598.438 114.43799999999999 9.438 6.625 0.0
623.1467630000001 97.49799900000002 12.064 9.05 12.087553785731549
654.279727 38.766621999999956 8.622 6.747 12.193203336684341
390.834 60.74599999999998 9.0 6.583 0.0
514.7949969 72.67072519999999 8.39 7.03 11.016663703900518
574.75 579.608 10.25 10.374 0.0