68
433.3405776 59.334854299999975 19.596 18.916 22.731374639989912
453.333 150.24 18.833 19.583 0.0
439.917 238.39 26.583 27.417 0.0
439.258373 332.881861 26.012 27.523 36.583421135566944
413.5 365.93800000000005 6.75 6.563 0.0
484.5 258.375 6.375 6.25 0.0
413.5 269.688 6.75 6.563 0.0
484.5 217.361 6.375 6.389 0.0
414.125 207.688 6.75 6.313 0.0
484.9589669 137.99575 6.263 5.796 44.185653334891086
414.47458090000003 128.31268820000003 7.139 6.13 31.750896238961204
414.646 92.167 4.604 4.5 0.0
467.0399138 81.30598579999999 6.02 5.207 28.633323286772995
466.90427120000004 44.61917709999999 6.031 5.0 23.116585764216108
414.9084768 30.902176200000042 6.7 5.241 24.21206996178997
317.6367244 350.57585620000003 14.75 12.438 6.355376474770082
339.875 331.719 4.938 4.719 0.0
320.50069699999995 303.4191107 19.077 17.833 -43.82904202088949
331.2739279 266.8782717 15.114 14.416 -34.2414756990498
303.959 258.322 5.125 5.0 0.0
303.4045491 275.6299574 5.378 4.768 15.449586226812935
323.896 229.23000000000002 19.938 18.917 0.0
326.292 162.857 19.625 19.708 0.0
327.292 123.417 15.542 15.25 0.0
329.83188160000003 84.98418040000001 18.75 17.476 15.088278270885722
346.34570870000005 53.75987810000002 15.493 14.937 30.483265023491924
320.8674316 39.872684199999995 7.625 8.55 128.98463208611224
312.459 55.042 4.625 4.042 0.0
348.292 114.25 4.208 3.917 0.0
347.7536164 135.0761968 4.798 3.878 23.303919051069123
350.125 188.325 5.792 5.76 0.0
344.771 202.166 5.354 4.75 0.0
306.29200000000003 190.62400000000002 5.708 5.376 0.0
65.4496507 45.7839161 4.941 4.189 -24.178893809807988
114.2244523 49.0383873 4.789 4.542 -21.3279365990408
157.438 48.406000000000006 5.0 4.344 0.0
211.281 49.75 4.906 4.5 0.0
259.531 57.938 4.719 4.688 0.0
112.063 120.876 5.479 5.542 0.0
57.322424 139.10106050000002 4.752 5.163 26.185835062082955
109.125 184.531 5.0 5.469 0.0
162.93149269999998 188.63388780000002 5.505 5.649 40.85174534765133
209.438 189.792 5.479 5.541 0.0
263.83299999999997 191.959 5.583 5.666 0.0
262.219 142.109 4.969 4.953 0.0
211.5581657 121.5243457 5.083 5.299 -39.18862779722052
164.125 142.64800000000002 5.5 5.438 0.0
31.75 339.656 4.563 4.906 0.0
31.561999999999998 320.344 4.75 5.344 0.0
59.875 318.375 8.0 8.75 0.0
104.938 339.18800000000005 7.563 7.813 0.0
156.688 319.0 7.438 8.125 0.0
129.5 284.813 4.5 4.688 0.0
129.813 283.625 11.813 11.625 0.0
81.25 277.0 5.125 5.0 0.0
81.18173490000001 258.7338625 4.813 5.102 22.967618036102188
81.348 241.25 5.027 5.0 0.0
153.938 249.089 4.563 4.59 0.0
59.75 247.188 7.75 7.813 0.0
15.375 256.5 4.625 4.875 0.0
210.86201939999998 337.8291138 8.22 7.548 -46.06961305389305
204.063 286.563 7.563 7.313 0.0
203.688 244.0 7.938 7.375 0.0
61.583 86.542 4.417 4.542 0.0
484.313 352.31300000000005 6.313 6.313 0.0
52.958 185.917 5.167 5.167 0.0
14.155999999999999 336.844 4.406 4.406 0.0
112.063 247.938 4.438 4.438 0.0