44
147.688 31.187999999999988 8.938 9.063 0.0
141.063 78.49999999999999 8.563 8.625 0.0
31.25 47.999999999999986 9.875 10.0 0.0
10.25 19.562999999999988 8.5 8.813 0.0
306.563 49.42699999999999 8.813 9.073 0.0
420.4475372 30.811997599999955 8.358 8.754 -17.229948804041207
513.4885843 36.054112599999996 7.854 8.625 -34.89626681608001
503.08464459999993 170.22664619999998 8.421 8.955 -32.6236830182497
399.6177031 190.028754 8.542 9.125 -21.641814591183294
315.75958190000006 207.4624663 9.397 9.505 -29.80813027434713
304.875 236.188 13.375 13.813 0.0
239.594 280.219 8.781 8.844 0.0
195.656 292.813 9.656 9.313 0.0
105.531 320.0 9.344 9.813 0.0
68.656 358.813 8.656 9.188 0.0
163.688 372.125 9.25 9.563 0.0
183.75 407.501 13.333 13.499 0.0
158.063 443.75 9.188 9.438 0.0
158.969 497.75 8.719 8.625 0.0
169.969 542.531 9.219 8.969 0.0
269.344 512.7189999999999 9.031 9.344 0.0
272.094 468.938 8.406 8.625 0.0
394.63000339999996 486.7137315 8.656 9.281 25.4810816335337
410.313 544.0 8.875 9.25 0.0
497.719 520.531 9.094 9.344 0.0
501.031 464.53099999999995 8.781 9.156 0.0
495.27679120000005 406.363154 38.667 41.19 11.011039767622952
496.3904767 406.3977708 49.598 51.225 12.169591227601032
503.875 305.459 8.792 9.208 0.0
447.3013837 269.8792128 8.875 9.375 24.827561578609107
390.914 310.834 8.67 9.416 0.0
382.219 363.688 9.344 9.5 0.0
284.5 388.53099999999995 8.938 9.281 0.0
268.156 316.03099999999995 9.094 9.594 0.0
216.292 356.66700000000003 13.042 13.333 0.0
320.584 121.50099999999999 16.25 16.5 0.0
147.208 162.667 9.208 9.583 0.0
31.552 212.188 9.51 9.5 0.0
28.542 242.916 12.458 12.75 0.0
58.5 257.457 9.417 9.375 0.0
136.708 297.043 8.958 8.874 0.0
323.313 292.438 16.688 16.563 0.0
398.042 242.41699999999997 10.209 10.083 0.0
498.583 199.16799999999998 8.917 9.5 0.0