45
310.70916900000003 175.2506729 53.545 41.737 5.462602963667566
226.292 161.917 12.292 9.5 0.0
295.4652382 111.3085786 11.458 8.625 3.571688355922647
382.9434266 144.86350829999998 11.763 9.161 12.151581038789589
376.221632 223.59642570000005 13.145 10.477 12.37406883832206
271.875 236.344 13.063 10.719 0.0
310.0580866 182.6118306 123.0 96.377 6.880546743294966
308.38414300000005 216.62999900000003 211.138 166.532 5.451196107007767
309.1507557 205.66561240000001 186.394 145.748 4.59425333126639
306.6301426 242.57295299999998 288.944 231.714 6.384482486981961
157.375 52.438 4.125 3.063 0.0
202.5 47.188 4.125 3.063 0.0
154.833 77.465 4.667 3.285 0.0
240.5 31.188 4.125 3.063 0.0
280.5 23.813 4.125 3.063 0.0
313.5 35.188 4.125 3.063 0.0
349.75 34.188 4.125 3.063 0.0
383.75 50.688 4.125 3.063 0.0
415.5 43.438 4.125 3.063 0.0
442.875 70.063 4.125 3.063 0.0
483.75 90.063 4.125 3.063 0.0
516.6378363 116.70927229999998 4.125 3.063 16.851254096241373
519.5475471 146.3466455 4.52 3.382 16.851254096241373
544.1727096 176.09825800000002 4.52 3.382 16.851254096241373
539.1280996 211.0567298 5.077 3.681 22.371720247668204
572.3767915000001 238.9277989 5.626 4.207 28.953875378687826
546.4329828 273.6188101000001 5.626 4.279 34.40996163146862
540.2092223000001 321.9853278000001 6.009 4.492 38.075488160996656
516.6498828 364.32869359999995 6.267 4.887 38.06744456566597
467.44853409999996 372.6080046 6.211 5.315 38.075488160996656
432.4268489 405.5203118 6.141 5.394 38.075488160996656
373.1223556 403.0113999 6.113 5.209 38.075488160996656
347.257914 445.619558 6.46 5.22 46.819395655694294
285.9000735 419.13390979999997 5.786 5.221 46.819395655694294
116.46128230000001 94.1489058 4.667 3.284 -18.270071943947233
101.70509419999999 122.5648884 4.667 3.284 -19.19053739305224
67.28930899999999 143.986033 4.667 3.284 -27.697697248668486
57.669074499999994 182.4108955 4.667 3.284 -24.360975888501073
64.32005550000001 225.0227745 5.03 3.681 -24.360975888501073
48.273528999999996 272.192246 5.108 3.893 -24.360975888501073
91.93513749999997 283.9475885 5.319 4.335 -24.360975888501073
100.02271649999997 330.703048 5.596 4.823 -24.360975888501073
220.4966918 417.88041439999995 6.426 5.754 -35.25393871889801
162.3721668 399.00663940000004 6.426 5.754 -35.25393871889801
142.52439939999996 354.48179619999996 6.426 5.632 -35.25393871889801