71
519.4309817000001 488.19902410000003 74.245 74.172 -43.08733821873445
398.625 474.063 17.375 17.563 0.0
495.25 370.75 17.25 17.125 0.0
623.313 428.563 17.063 17.938 0.0
607.521 567.563 17.52 17.938 0.0
467.521 596.396 17.52 17.938 0.0
518.333 487.667 164.0 162.0 0.0
506.8216725 474.30207450000006 264.0 259.253 -8.713492760158239
143.063 353.5 8.313 8.25 0.0
156.938 410.5 8.313 8.25 0.0
226.313 378.5 8.313 8.25 0.0
159.563 475.0 8.313 8.25 0.0
192.063 518.0 8.313 8.25 0.0
103.563 531.0 8.313 8.25 0.0
143.563 579.0 8.313 8.25 0.0
214.063 571.0 8.313 8.25 0.0
177.563 639.0 8.313 8.25 0.0
228.063 666.0 8.313 8.25 0.0
275.396 705.833 8.313 8.25 0.0
326.396 710.5 8.313 8.25 0.0
212.729 743.166 8.313 8.25 0.0
274.063 784.5 8.313 8.25 0.0
335.063 786.5 8.313 8.25 0.0
399.729 803.167 8.313 8.25 0.0
452.063 784.167 8.313 8.25 0.0
510.396 778.5 8.313 8.25 0.0
436.729 873.167 8.313 8.25 0.0
495.729 848.167 8.313 8.25 0.0
565.063 833.167 8.313 8.25 0.0
606.729 792.5 8.313 8.25 0.0
676.396 828.5 8.313 8.25 0.0
660.063 758.834 8.313 8.25 0.0
734.729 782.5 8.313 8.25 0.0
680.396 711.167 8.313 8.25 0.0
755.729 725.166 8.313 8.25 0.0
789.729 669.167 8.313 8.25 0.0
788.396 615.166 8.313 8.25 0.0
867.063 655.167 8.313 8.25 0.0
861.063 593.5 8.313 8.25 0.0
800.396 558.833 8.313 8.25 0.0
868.063 524.5 8.313 8.25 0.0
842.063 474.5 8.313 8.25 0.0
827.396 415.167 8.313 8.25 0.0
896.729 421.833 8.313 8.25 0.0
788.729 382.833 8.313 8.25 0.0
871.396 354.833 8.313 8.25 0.0
824.729 318.5 8.313 8.25 0.0
783.063 269.5 8.313 8.25 0.0
731.729 254.833 8.313 8.25 0.0
682.729 225.833 8.313 8.25 0.0
734.063 181.792 8.313 8.208 0.0
793.729 195.208 8.313 7.542 0.0
671.396 153.708 8.313 7.708 0.0
615.729 161.708 8.313 7.708 0.0
554.729 156.708 8.313 7.708 0.0
582.729 95.708 8.313 7.708 0.0
511.062 97.708 8.313 7.708 0.0
512.062 181.708 8.313 7.708 0.0
462.021 128.208 8.021 7.542 0.0
401.021 151.875 8.021 7.542 0.0
370.354 193.875 8.021 7.542 0.0
332.687 118.875 8.021 7.542 0.0
298.687 169.542 8.021 7.542 0.0
325.688 231.541 8.021 7.542 0.0
251.521 219.708 8.021 7.542 0.0
241.021 273.708 8.021 7.542 0.0
216.521 329.708 8.021 7.542 0.0
164.521 284.708 8.021 7.542 0.0
505.59 480.841 437.978 432.728 0.0
512.9091030999999 482.43701209999995 242.821 239.844 -32.05943581423011
518.333 488.001 81.667 81.667 0.0