27
160.444 166.224 34.0 33.10933333333333 0.0
169.0 206.66666666666666 5.666666666666666 5.112 0.0
201.22133333333332 178.33333333333331 5.666666666666666 5.445333333333332 0.0
192.77599999999998 137.444 5.666666666666666 5.445333333333332 0.0
152.10933333333332 124.55466666666666 5.666666666666666 5.445333333333332 0.0
120.55466666666666 151.6653333333333 5.666666666666666 5.445333333333332 0.0
128.11066666666665 192.99866666666665 5.666666666666666 5.445333333333332 0.0
160.77733333333333 166.224 53.88933333333333 52.665333333333336 0.0
159.16666666666666 152.16666666666666 87.5 85.16666666666666 0.0
128.11066666666665 42.501333333333335 14.889333333333333 14.166666666666666 0.0
215.444 52.00133333333333 15.138666666666666 14.166666666666666 0.0
172.6653333333333 11.280000000000001 14.889333333333333 14.166666666666666 0.0
271.3333333333333 59.834666666666664 14.889333333333333 14.166666666666666 0.0
272.08399999999995 119.084 15.584 14.582666666666665 0.0
308.472 163.30533333333332 15.305333333333332 14.582666666666665 0.0
264.0 206.91733333333332 15.833333333333332 15.249333333333333 0.0
256.52799999999996 264.5853333333333 15.584 14.749333333333333 0.0
143.69466666666665 299.41866666666664 15.584 14.749333333333333 0.0
41.36898613333331 244.71113173333333 15.584 15.512 40.408631398400665
44.166666666666664 181.77866666666665 15.610666666666667 15.553333333333331 0.0
10.833333333333332 136.33466666666666 15.610666666666667 15.110666666666667 0.0
57.5 94.69466666666666 15.610666666666667 14.805333333333332 0.0
66.66666666666666 40.861333333333334 15.610666666666667 14.805333333333332 0.0
159.66666666666666 156.66666666666666 151.66666666666666 148.0 0.0
161.22266666666667 166.00133333333332 59.22266666666667 57.87866666666666 0.0
99.3665861333333 253.3757984 15.584 15.512 40.408631398400665
191.88933333333333 264.224 15.777333333333333 15.888 0.0