12
111.1986111111111 92.96944444444445 37.93472222222222 29.080555555555552 0.0
109.34583333333333 23.351388888888888 10.851388888888888 7.205555555555555 0.0
165.075 37.955555555555556 10.851388888888888 7.747222222222223 0.0
192.85972222222222 78.62361111111112 11.654166666666667 8.78888888888889 0.0
173.4375 124.84861111111111 12.268055555555556 9.87361111111111 0.0
112.78888888888888 147.12916666666666 12.268055555555556 9.87361111111111 0.0
50.74972875 127.97546958333334 12.470833333333331 9.87361111111111 -2.4357956799792264
28.763429305555555 82.60895930555554 11.99861111111111 9.469444444444443 -2.4415200365488587
54.49175541666667 40.88205805555556 11.509722222222223 8.231944444444444 -2.4415200365488587
111.11236111111111 87.50555555555555 102.77777777777777 78.125 -2.034365963518818
110.76388888888889 78.3861111111111 45.65972222222222 34.11527777777778 0.0
110.87916666666666 74.42222222222222 56.01805555555555 40.625 0.0