12
236.86686250000002 239.1175375 83.375 61.375 -0.6646676946480012
236.167 199.501 122.167 89.833 0.0
236.5716086 229.06475809999998 225.103 169.001 -2.3325158477569494
232.49971509999997 88.9221666 23.333 16.416 -1.1631771672589455
113.19775820000001 127.1658394 24.07 16.863 -4.5542734424415725
56.50863100000001 218.06219040000002 25.991 18.166 -8.04745725619512
104.59626779999999 316.75527819999996 26.871 20.15 -8.04745725619512
239.622017 357.891914 26.871 20.814 -2.3670996384175425
372.45491469999996 309.19757319999997 26.522 20.814 6.482556149741648
414.8366983 209.0035554 24.892 18.48 6.482556149741648
353.8331468 120.0663204 23.834 17.084 2.2695417142974423
235.8645128 209.1915304 99.501 73.864 -1.6732304174653447