13
209.75066666666663 186.16666666666666 11.917333333333334 12.166666666666666 0.0
245.112 346.45866666666666 16.666666666666664 16.985333333333333 0.0
85.88933333333333 296.404 17.666666666666664 17.818666666666665 0.0
56.22266666666667 137.904 17.666666666666664 17.541333333333334 0.0
177.13866666666667 36.07066666666667 17.665333333333333 17.818666666666665 0.0
326.11066666666665 83.18133333333333 17.221333333333334 17.485333333333333 0.0
344.20799999999997 166.04133333333334 21.792 21.54133333333333 0.0
305.54133333333334 298.1253333333333 21.958666666666666 22.04133333333333 0.0
166.98533333333333 329.792 21.958666666666666 22.04133333333333 0.0
71.3428992 224.29736253333334 22.235999999999997 22.04133333333333 -6.234527957810962
117.85572466666663 92.86360946666665 22.05333333333333 20.543999999999997 -34.368647187238444
252.15111773333334 66.16182013333334 21.612 20.230666666666664 24.342954305412178
362.9173333333333 235.41733333333332 15.833333333333332 15.833333333333332 0.0