24
316.8042405 313.4205568 126.698 139.242 37.02116117760738
368.9342244 102.32697119999999 19.342 21.587 17.74096070196164
399.07104539999995 162.3898782 19.342 20.83 17.74096070196164
463.66518460000003 149.76438630000007 19.137 20.412 17.74096070196164
514.8470869 237.89241570000002 19.301 20.209 17.74096070196164
479.7775618 297.2517948 18.065 19.397 17.739214904954927
513.3217641 345.5910424 18.938 22.245 18.241070545548318
401.05084370000003 445.9485028999999 18.028 20.654 39.53047599713606
374.0341784 506.382438 20.269 22.908 39.53047599713606
239.27308560000006 466.6311848 18.391 20.689 41.253837950396374
150.7282184 334.52200919999996 19.271 20.17 41.253837950396374
307.9415248 305.98565040000005 253.177 278.647 42.92509100131035
258.167 112.583 21.167 21.083 0.0
160.25 176.75 17.083 16.75 0.0
231.25 177.938 19.625 19.063 0.0
170.083 246.917 28.25 27.583 0.0
106.167 282.333 19.167 18.833 0.0
113.0 394.063 21.0 20.063 0.0
171.20058300000002 479.845011 20.26 17.667 -32.752439448154384
267.34478839999997 518.8787046 20.762 18.814 -39.97796482302676
320.6319913 476.9742456 28.721 25.565 -38.964060865139295
461.8526188000001 441.4561524 20.593 17.945 -41.010214778646294
458.241236 217.39958640000003 25.904 28.64 41.91949960437768
312.94655750000004 310.6657499 225.962 203.107 -47.115398099382