13
404.75 195.75 55.25 53.75 0.0
403.5 84.25 47.5 45.75 0.0
287.75 87.25 41.25 40.25 0.0
291.0 199.25 36.5 35.75 0.0
79.0 218.166 30.5 28.834 0.0
79.3936884 139.9611754 26.337 24.917 -30.729897506200256
77.54033480000001 73.66871400000001 22.756 22.45 -30.729897506200256
150.62430120000002 69.823726 19.592 18.881 -30.729897506200256
151.2065162 129.1053964 15.831 15.229 7.1520222091648
150.74176659999998 186.18738760000002 12.322 11.423 -30.729897506200256
152.0708308 233.31074060000003 9.024 9.0 -30.729897506200256
219.125 231.0 15.125 14.75 0.0
217.417 112.5 20.75 18.833 0.0