10
30.9803833 134.2569666 11.122 9.788 -26.88535072234268
87.00870559999998 184.6451692 10.839 11.375 5.01391480891882
171.10655710000003 179.91865760000002 11.074 12.034 -48.3036546289461
216.281775 124.16328449999999 8.702 10.618 -60.69218420690655
200.89687269999996 64.21120909999999 7.245 8.666 -69.66054633311438
148.71124659999998 31.772184199999998 6.341 8.199 -83.24028664699395
86.8837209 33.98626970000001 5.929 8.198 -99.3634211760549
38.47323610000001 70.6681269 7.163 9.806 -112.7930766340043
122.12578749999999 102.50347500000001 65.875 55.25 3.3593952931433257
121.667 115.0 114.0 98.667 0.0