20
183.36100199999998 204.9591034 8.857 13.196 14.151576896890782
183.44633880000004 276.4161044 8.301 13.196 17.793564384223394
202.2897638 331.2645564 7.352 12.835 20.59695065199946
234.717107 360.8184244 6.686 12.249 22.017386092149383
273.2382361 363.8146863 6.162 11.715 22.017386092149383
203.91957870000002 132.25348549999998 8.25 13.509 11.566126838926525
239.8311866 74.6453994 8.125 13.326 5.526436300166808
283.1198894 42.726159800000005 7.007 12.419 2.539080347831835
324.2771091 39.24072150000001 6.042 11.764 3.721080848064855
357.2132804 60.06252260000001 5.537 11.346 5.900441937993012
378.6771606 99.49914270000002 5.069 10.697 7.336798198990157
387.50146980000005 149.66315980000002 4.813 10.383 8.52226668600014
383.78573000000006 204.89251 4.595 9.864 10.90651895795045
369.13475919999996 259.3131496 4.868 10.277 12.643771971460346
344.14724429999995 307.7786089 4.972 10.219 18.088891813300595
286.4736846 201.2695698 90.323 153.397 14.649076066308247
278.9531793 200.65100039999996 114.85 195.036 13.567937678036854
311.3402423 344.4801474 5.349 10.158 17.523555473063265
287.719412 202.66338549999995 74.672 127.932 13.309418520267347
268.68488 198.01652600000003 73.058 121.75 13.827795032103147