10
358.3336588541333 227.33300781253334 163.0 119.33333333333333 0.0
360.00032552079995 231.9996744792 184.0 136.0 0.0
171.9855532541333 502.8443843458666 28.514666666666663 34.70533333333333 -94.76078694095625
407.3678135207999 552.8424732791998 29.695999999999998 35.14 -85.49187369476965
637.9407356541333 276.60288807920006 23.308 32.032 -78.21137775255998
509.3532287208 145.22046034586663 19.697333333333333 32.032 -89.50726844342323
358.00032552079995 339.3330078125333 347.3333333333333 268.66666666666663 0.0
136.5003255208 187.33300781253334 28.5 19.0 0.0
67.9701995208 343.67520407920006 32.54533333333333 22.678666666666665 -9.299373940201624
605.6811692541332 449.3411002125333 34.50533333333333 26.358666666666664 13.869480409725362