42
171.1668882813 92.46912560000001 13.537 17.96 -101.40206947335795
136.74849788129998 39.08575800000003 36.084 51.084 -92.5562522911703
61.8846821813 39.6952752 35.775 49.629 -98.9979451194407
244.93560928129997 138.10781089999998 44.816 55.115 -79.374361602342
128.0417963813 160.9705993 41.504 49.226 -95.54354553530179
216.1182766813 48.88075660000004 37.387 50.879 -88.05152544304774
241.3650942813 24.940580799999992 3.688 5.875 -82.3107005125209
247.9573704813 66.66409940000005 4.89 6.488 -82.3050224827336
190.44086028130002 69.4604304 5.051 6.736 -85.41145780784538
176.3294882813 43.952837999999986 4.893 6.609 -87.33473645681177
126.17972018129998 66.16648489999999 4.893 6.957 -89.73071181913548
98.23630218129999 31.481370100000007 4.71 6.702 -89.73071181913548
86.91666998129999 15.111664300000015 4.657 6.138 -101.0515009568929
34.960522681300006 61.21091129999999 4.994 6.886 -101.05259932468559
33.7776778813 21.497045400000005 4.755 6.43 -102.75067851047893
224.3001420813 104.95727009999996 5.267 6.488 -84.24379965283535
206.82217868130002 151.2989833 6.172 7.108 -84.24379965283535
266.9022144813 168.79379220000004 6.172 7.107 -84.2495001549984
282.24136528130003 121.04401769999998 6.172 7.107 -84.24379965283535
309.7627544813 128.16072159999993 4.616 5.377 -84.24379965283535
128.3303654813 159.4909804 22.166 26.665 -92.36113859912969
215.4255148813 47.069373600000006 20.819 28.821 -84.51403691212167
89.7057157813 160.65675539999998 6.376 5.111 -10.032209152086562
128.27148828129998 127.938 6.396 4.896 0.0
167.52148828129998 157.501 6.896 5.374 0.0
126.0004882813 148.5 17.833 14.167 0.0
197.7924882813 201.709 9.792 8.291 0.0
63.7814882813 200.375 9.969 8.375 0.0
21.46077728129999 160.28824249999997 9.279 7.841 -12.920323293235585
12.618368581300002 108.9120776 9.311 6.966 -4.347289854242965
249.41942518129997 123.8262862 19.375 15.725 10.800914739333047
316.7959877813 149.2127463 8.484 7.24 14.868673417718647
135.38903108129998 20.0396796 17.638 12.292 -3.34795590542956
55.9637558813 21.6858732 17.34 12.16 -10.440144574958401
218.18574298130002 31.403266700000003 17.625 12.904 4.45627048488363
186.5504444813 27.707963799999995 5.291 4.125 12.561743814529102
245.3344882813 135.166 30.833 25.167 0.0
136.93848828129998 37.25 28.063 18.75 0.0
61.7814160813 38.3158204 27.576 17.297 -7.331115386285924
133.7504882813 115.0 89.25 70.5 0.0
133.5004882813 118.5 110.5 85.5 0.0
134.8707774813 121.2683906 138.724 109.749 -4.324004250629859