52
274.3583785406 288.1765736594 63.998 67.398 -112.7622259155927
92.3387187406 154.7264882594 57.078 64.127 -115.69637862098509
42.2233267406 403.73024765939994 62.829 68.962 -140.0139634247748
238.75701874059996 546.1212400594001 69.782 73.657 -157.89536225964315
485.9739057405999 436.55620285940006 71.102 71.942 -157.89536225964315
704.4913016406001 606.4718813594 72.193 71.942 -157.89536225964315
732.6566185406 75.85775755940004 65.65 57.139 -165.14940996522375
503.4766510406 177.87479255940008 66.2 62.153 -165.14940996522375
305.5767869406 53.311002259400006 62.796 58.792 162.90232602052498
79.06064934060001 22.307270859399996 7.87 10.303 -120.28571999327593
23.5592086406 105.13851535939999 7.869 10.303 -120.28571999327593
152.7379449406 79.09443805939999 8.505 10.303 -120.28571999327593
169.2760267406 202.52618865940002 9.776 10.714 -120.28571999327593
33.59038834060003 228.9422942594 8.75 10.4 -127.40160848453674
94.67573064059998 313.6109111594 9.15 10.761 -131.33091605742615
128.2510785406 450.17164105940003 9.947 10.762 -136.27627027338355
144.08447074059995 498.2043360594 9.657 11.329 -171.00771400386787
82.07088674059999 570.9965940594001 9.657 11.328 -152.65082618483555
288.86266394060004 445.3289437594 10.49 11.329 -155.56220967621886
216.3747303406 26.685223259400008 9.601 8.185 -20.63517928114495
272.1872441406 138.2497558594 9.688 9.5 0.0
396.54224414059996 80.5007558594 9.292 9.083 0.0
305.7643646406 56.3834548594 116.771 107.0 -8.887735215076713
491.0842441406 22.9997558594 10.417 9.333 0.0
536.8122441406 88.7497558594 10.188 9.625 0.0
600.6872441406 208.6247558594 10.313 10.0 0.0
469.6252441406 267.3747558594 10.625 10.25 0.0
408.8122441406 143.4997558594 9.688 9.625 0.0
504.2589691406 179.52605585940003 123.25 114.0 1.4783465596927565
634.0548964405999 72.1659477594 9.917 8.5 10.597480489606957
738.8262831406 167.06688885940005 10.778 9.696 19.15971445853125
738.1659046406 75.9453401594 126.683 110.473 9.828746447554774
734.8210161406 328.63298825939995 72.372 67.5 27.374795379989774
658.5622441406 251.0627558594 10.313 9.813 0.0
656.7324603406 398.5699106594 11.134 9.813 30.395828630349065
734.4486723406 333.47330355939994 134.84 122.114 33.6837110395809
694.6312382406 497.0597175594 10.375 12.112 -37.14834737305032
698.0002441406 600.9997558594 128.5 128.0 0.0
450.1252441406 541.4997558594 10.875 12.25 0.0
590.4372441406 473.5627558594 10.813 11.688 0.0
384.96559634060003 397.34460795940004 10.083 11.196 10.346870575221175
519.2502441406 333.8337558594 11.083 10.833 0.0
487.2038661406 441.16552685939996 131.04 135.576 -38.77255984557488
239.78536104059998 547.1255161594 131.5 136.506 32.569630999701886
46.389064940599994 404.7792364594 115.154 124.784 24.953207683365797
347.3332441406 358.3337558594 10.667 10.5 0.0
199.33699894059995 360.10520645940005 9.566 11.029 25.545132069801433
206.3127999406 219.19218605940006 10.631 9.333 -40.107827772060254
348.8916316406 217.6146933594 10.291 9.792 -4.306864852012871
274.4010936405999 291.2936913594 126.34 120.76 -26.47536644339479
94.01109504060001 157.2977300594 119.505 104.706 -27.259495935683393
337.0002441406 596.3327558594 10.0 10.0 0.0