49
564.9857701405999 558.6192958593999 222.962 179.491 -112.70580855285237
572.0068386406 557.0958338593999 280.107 225.709 -112.70580855285237
624.2400866405999 528.7348738594001 172.777 143.516 -112.70580855285237
597.3179197406 546.9940798594001 373.351 309.083 -116.19864606192972
49.156055040600066 419.8931355594 225.489 151.474 -106.43965880985236
45.381267340600075 419.4286300594 177.547 121.078 -105.14657935476846
135.6810334406 407.38816595939994 143.442 104.175 -111.26622890854453
382.34839964059995 730.9277138594 24.088 17.442 -117.14157690608495
329.8220621406 628.4409650594 24.142 17.441 -110.34144524173259
307.74979774060006 517.7421306594 23.85 18.135 -110.34144524173259
320.33812904059994 409.1338151594 24.293 18.767 -105.64710195691703
366.77686814059996 317.17956685940004 25.21 19.523 -102.64502616946407
226.72938694059997 565.6906090594 23.046 16.821 -110.34144524173259
182.8054929406 637.5560418594 22.681 16.247 -110.34144524173259
120.66305694060004 672.4799462594 22.682 15.032 -110.34144524173259
51.99294254060011 667.6874538594 21.941 14.479 -110.34144524173259
243.3602806406 465.5703307594 23.542 17.777 -109.0020717257803
228.2066452406 356.32762765940004 24.457 17.78 -103.25528264075854
181.9519542406 258.6354226594 23.53 16.885 -103.25528264075854
115.9098980406 188.80818785940002 23.528 16.885 -101.97630229452697
42.386409140599994 159.5460856594 23.126 16.072 -99.73548462220391
317.8212227406 240.06872085940006 16.833 12.175 -96.00420749182867
255.5783596406 180.18623935939996 15.422 12.003 -95.99850920405673
66.9524591406 90.79600085940001 15.64 12.822 -101.4604975976037
17.450823040599996 78.96302555940001 15.64 12.822 -101.4604975976037
299.65998114060005 117.46925585940004 16.426 14.381 -108.88066628029482
361.9146537406 107.71923605940002 16.426 14.38 -108.88066628029482
426.2492087406 128.48453605939994 16.765 15.149 -108.88066628029482
481.8981445406 178.31781465940003 16.765 15.149 -108.88066628029482
723.2192155406001 151.2087646594 16.834 17.153 -108.88066628029482
807.9493857406001 142.0876250594 16.834 17.153 -108.88066628029482
891.1353217406 168.85311155940008 18.329 17.372 -79.93858225676142
961.5092403406 227.60404675940015 18.329 17.371 -79.93858225676142
1003.4887833406001 312.53482545940005 18.329 17.371 -124.74371172173554
446.51339414060004 253.52260585940002 21.5 26.5 -5.462602963667566
549.7502441406 232.08375585940001 23.25 27.25 0.0
663.7512441406 261.6667558594 24.75 27.167 0.0
768.8382404406 344.5080807594 25.78 29.395 -24.78914589231565
840.7601844406 467.0320279594 27.306 29.471 -25.33500202096257
865.7541199406 608.5966813594 30.64 27.095 38.79313725202598
837.1391743406001 735.5268522594001 29.245 24.868 36.61206837837331
985.3203695406002 644.9901616594 33.726 28.406 25.8116748298673
933.0889104405999 420.8604869594001 20.022 17.958 41.47699128029897
867.4525832406 311.8450765594 18.0 16.499 16.314523046477916
774.0681985406 239.72022575939997 16.325 14.762 26.723913894606493
690.2790715406 545.6838148594 15.588 14.779 38.022717613371285
632.9494115406001 488.6783942593999 15.061 13.512 53.98610609137096
597.6216057405999 414.9634394594 13.546 16.055 -19.645345044316876
64.2144923406 415.0779040594 204.995 300.906 -14.394771679757088