37
107.88705388129999 83.5016028 33.804 23.945 -75.94847098784352
103.05101218130001 81.81916409999998 69.547 51.359 -78.66197640454551
93.0452102813 33.81069599999999 9.643 7.681 -73.90664279957574
124.03045028129999 33.299419 9.644 7.314 -76.79064851334559
143.1472047813 60.4217395 9.158 6.844 -76.79064851334559
141.7051292813 98.798022 9.158 6.844 -76.79064851334559
120.76442728130002 128.87353299999998 9.428 6.844 -76.79064851334559
90.64340428130001 134.507746 9.663 7.335 -76.79064851334559
68.05094928129998 108.70297500000001 9.806 7.675 -75.7122414593579
68.78010198129999 65.81394259999999 9.99 7.894 -73.20856192219593
46.0544205813 42.215074999999985 6.23 4.923 -73.20856192219593
30.4244821813 61.70610909999999 5.784 4.923 -73.20856192219593
30.465942181300008 87.6664571 5.784 4.923 -73.20856192219593
59.1978542813 73.128038 46.333 41.476 -78.95974561066231
166.60876148129998 161.37872240000002 18.075 23.427 -110.6767510289115
166.34271828130002 162.27519100000004 22.219 31.369 -109.92632133827183
135.4017170813 144.9389564 5.015 7.236 -118.67173268258037
196.5707818813 134.31120080000005 5.694 7.538 -118.67173268258037
201.81880168129996 184.1246382 6.532 7.91 -118.67173268258037
136.24569108129998 194.5003644 6.532 7.91 -118.67173268258037
224.2504882813 110.5 8.0 5.0 0.0
263.6081342813 108.5814374 4.999 8.553 -86.21565356590237
192.1550256813 74.52564439999998 4.857 7.883 -88.36113208282636
183.43256148129998 45.4530858 3.67 5.867 -88.36113208282636
165.54146118129998 56.73858820000001 3.479 5.62 -92.25236599201496
182.0661498813 32.426316799999995 3.479 5.618 -92.24664066109561
162.8236338813 24.218749000000003 3.479 5.619 -92.25236599201496
239.2504882813 50.125 25.125 12.875 0.0
237.88420268129997 84.12115360000001 17.625 34.125 -89.22647661819602
194.0721974813 94.94282559999999 4.857 7.883 -88.34967778380918
286.6072342813 91.08283739999996 4.999 8.552 -86.21565356590237
279.2257892813 70.46177799999998 4.999 7.6 -87.11098470261722
168.3536884813 166.311285 58.049 44.264 -18.771957617092248
238.45398268129998 85.843636 65.164 37.109 2.252365992014955
148.5356493813 41.9445023 48.369 22.999 -2.814337108100311
149.8676554813 38.1604952 17.367 8.25 -4.599964378888847
107.63645728130001 84.273448 30.096 40.304 10.894182986837942