13
176.3874379406 96.24191925940004 23.884 38.405 -109.68889798953502
176.4600875406 97.54251005939999 35.919 58.572 -110.08394479673876
203.18686124059997 170.06503905940002 17.755 24.85 -111.35879086514915
67.26871314059998 134.19213985940002 13.514 21.961 -114.822361474932
154.9586773406 35.98775545939999 11.216 20.031 -108.20304205184581
280.81244674059997 59.37320405940004 13.299 20.677 -103.53317421427467
425.8122441406 87.4377558594 22.813 14.938 0.0
592.1836506406 123.25883035940002 24.666 16.592 14.957621933783905
562.1208432406 264.6601585594001 28.389 24.225 22.469576367824512
366.5478515406 213.1675320594 27.232 21.21 -3.933753722853166
486.11014654060006 168.28012585940004 44.407 32.972 6.528747279266578
486.3569014406 168.5987209594 55.277 41.74 6.903987558355897
487.19417264059996 169.25914655940002 71.702 52.985 7.458334186716956