11
122.07317744060005 320.39386305939996 8.496 14.679 -82.95812806477996
335.83268394059996 265.0683024593999 9.189 14.517 -91.05433421169788
106.2986100406 158.71756765940003 8.652 11.209 -91.62168622324165
170.5859013406 184.2436611594 9.669 17.321 -135.85485555467616
169.9265260406 183.92814215940004 9.796 18.799 -136.3653739685828
113.74081914060001 115.2500808594 40.5 29.5 -2.636645457414822
112.54801794060002 118.51942885940001 87.478 59.422 -4.824067706955685
359.05531414059993 65.5673738594 41.373 27.329 5.859959414709487
358.48460254059995 68.96539665940001 81.56 54.125 7.082377637135444
362.8326893405999 104.2121768594 14.161 9.75 4.4277087536615065
301.4249249406 123.53825225940001 20.069 12.046 55.12438677609753