27
124.84389448129997 327.7900880594001 11.827 8.417 -121.26443133207165
167.3890610813 299.1455046594 12.25 8.782 -128.66696664729537
173.5467690813 270.12855985940007 9.15 7.438 -128.66696664729537
18.020547981300048 224.12129475940003 8.699 6.234 -123.0433225020014
36.829961381299974 241.17143805940003 7.86 5.292 -123.04644679352214
49.31916578130002 215.7881349594 7.815 5.292 -123.0433225020014
48.183417881299995 275.5343578594 7.434 5.292 -123.0433225020014
106.98067828129999 298.97407385940005 7.706 5.293 -124.24943607386118
120.7996394813 273.8399942594 7.848 5.292 -124.24943607386118
109.55010188130001 238.4509426594 7.849 5.801 -125.57497452326581
74.73391748130001 126.74997145939999 7.684 7.144 -123.1418068928538
68.17036288129998 306.3959554594 11.976 8.484 45.44163187082325
27.38284568129999 254.6690140594 12.761 8.936 45.93998785309247
21.5333932813 194.78131585940002 12.051 7.998 57.36357666977595
59.3831707813 161.1612373594 8.991 12.545 -26.859727230219693
121.13849958129995 176.8175735594 12.721 9.706 55.74260313133182
167.2592525813 235.68161075939997 12.634 9.506 52.02652346424445
70.1739482813 219.3976498594 12.477 8.781 49.30672791520814
78.71690308129999 256.8030112594 34.847 24.251 51.28023835177731
79.42368568129999 255.6607181594 46.945 64.861 -37.20910505013887
96.20860638129997 242.78775205940002 107.8 77.331 51.42698990866491
229.2493204813 287.0569656594001 14.048 10.793 48.60817743486733
263.95810068130004 254.36577165939997 8.479 6.596 43.78043532023127
273.52395618130004 201.2180602594 14.853 12.233 48.56344580056874
207.86486978130003 95.0468678594 15.259 12.381 53.65036494942093
103.23016628129999 88.11774905940001 14.748 11.42 51.31692624246677
173.1343848813 182.83869665940006 105.892 137.179 -39.21281150610943