36
220.3100142417333 277.1664830125334 18.56133333333333 36.126666666666665 -93.2103417595715
75.29877624173332 192.95095874586664 13.739999999999998 31.676000000000002 -97.80516477705854
453.4335253084 217.0181276792 15.986666666666666 34.42933333333333 -89.22647661819602
407.3718751750667 117.93169487919997 11.837333333333333 28.017333333333333 -89.22647661819602
480.2389443750667 158.98326194586667 6.171999999999999 14.088000000000001 -89.22647661819602
368.19483704173336 272.8521170125333 8.626666666666665 16.30533333333333 -89.23220573253923
95.04737344173334 252.09616007920002 7.610666666666667 15.584 -96.78816181070364
103.4134257084 139.5675654125333 5.674666666666667 12.675999999999998 -96.78816181070364
131.64077250839998 112.00309687919997 2.0946666666666665 4.681333333333333 -96.78247238772164
48.25306050839999 163.72769501253333 2.0946666666666665 4.681333333333333 -96.78247238772164
37.40868117506663 230.67591181253334 2.6533333333333333 5.927999999999999 -96.78247238772164
127.78058397506669 288.85829461253337 2.968 6.350666666666666 -96.78247238772164
296.95357690839995 303.3211134125333 3.376 6.349333333333332 -94.26686992380151
453.7160263750667 260.9124834125333 3.5973333333333333 6.084 -88.25787404360788
515.8045750417333 190.3320784792 2.9653333333333336 5.542666666666666 -88.25214691496144
478.44868117506667 127.84906794586661 2.5973333333333333 4.816 -89.52445594991735
236.85001850839996 104.28533847920002 2.5986666666666665 5.3919999999999995 -89.51872677142347
151.19418624173332 69.15394421253332 2.5986666666666665 5.084 -95.3536857503615
223.31743077506667 26.95929261253334 2.457333333333333 5.084 -91.082977864689
383.88168597506666 133.6928524792 4.667999999999999 2.376 -75.6760988384335
515.2355397084 252.48792714586654 4.8 1.9493333333333331 -77.97767142754408
391.30415264173325 496.6905238125333 4.324 2.8253333333333335 -46.94505508401103
84.11814024173331 459.28660421253335 4.306666666666667 1.9693333333333334 59.78109380823185
220.46469237506665 521.4537758125333 7.166666666666666 4.978666666666666 22.82392677735151
203.99560317506666 337.7020028792 5.3 4.290666666666667 15.647101956917016
502.76726437506665 431.24178114586675 6.363999999999999 1.9933333333333334 -73.73979529168804
456.88998437506666 394.6103411458667 50.11066666666666 35.33333333333333 0.0
454.7779843750667 393.3876744792 23.556 17.44533333333333 0.0
235.72331770839997 167.4996744792 5.166666666666666 4.666666666666666 0.0
366.8339843750667 77.11167447919999 5.389333333333333 2.1666666666666665 0.0
346.50065104173336 30.374341145866666 5.0 2.041333333333333 0.0
265.3281917083999 64.45998221253333 128.24133333333333 46.82533333333333 -3.204620965441894
264.8442374417333 62.77966501253333 104.65066666666667 37.87866666666666 -3.508783801659753
274.4604406417333 198.10350901253335 260.1093333333333 116.844 -3.0552473287060846
234.35720104173333 456.8237244792 33.33333333333333 20.889333333333333 -3.8933484153440063
232.84595264173333 458.2172596792 64.11066666666666 41.273333333333326 -5.762475981356902