15
609.7502441406 596.9997558594 54.75 48.5 0.0
609.0662441406 595.7497558594 83.566 74.75 0.0
606.0002441406 544.7497558594 107.5 101.25 0.0
451.0002441406 708.6247558594 34.289 30.375 0.0
763.1662441406 703.9587558594 34.289 30.375 0.0
779.1629891406001 406.59205725940024 36.209 40.419 -134.50573386336433
433.3748531406 409.5880744594 39.244 40.419 -134.50573386336433
241.18211224059996 295.16089255940005 37.677 33.826 -142.54564722797832
317.70108644059997 885.4264407594001 29.916 24.355 -164.6629720914729
907.6711798406002 867.4901574594 29.916 23.127 158.19859051364818
965.6009602405999 281.2446315594 36.063 33.522 145.29759888427327
605.8402441406 529.8407558594 276.736 258.737 0.0
608.0902441406 575.5887558594001 352.482 322.483 0.0
602.2502441406 534.2497558594 516.25 471.75 0.0
605.8402441406 564.3397558594 318.734 290.235 0.0