186.5972 308.8325 30.7243 22.9816 -31.2185
311.1212 245.4848 27.7809 20.7973 -9.1726
236.7188 155.5039 25.0456 17.7514 -15.2938
152.4134 141.7579 23.4651 17.2465 -18.3963
271.7776 197.2881 26.6812 19.5036 -12.9697
98.0954 166.8082 24.3453 18.2450 -30.2762
153.1210 254.5722 29.0026 20.6569 -32.3895
342.0871 115.4652 24.1716 17.4855 -7.8013
249.6932 275.8221 28.2798 21.9297 -14.8502
213.5873 224.0782 27.8341 20.2105 -22.5700
121.8073 207.6763 27.1328 19.6679 -20.1050
205.0966 118.5978 22.9944 16.0618 -13.1382
424.2300 197.1915 26.2569 19.8654 -0.9882
181.3584 179.7388 25.9384 17.9861 -21.1707
388.9032 102.3005 22.7006 14.5550 3.9567
380.1824 154.6145 24.6305 18.5029 -3.6441
306.1374 82.3277 22.7892 14.7489 -5.4216
256.5264 98.7300 23.0303 15.8301 -10.3612
430.5630 137.5302 24.4849 17.2323 -0.8770
289.2365 135.1726 23.5597 17.3082 -3.5033
351.4834 70.1496 21.3283 13.1284 5.5664
326.7673 175.5264 25.0506 18.8709 -2.1848
473.5485 179.7391 24.4407 16.8790 11.1897
368.6471 220.3152 26.4579 20.0050 0.8572