200.8353 325.3396 36.0297 24.2777 -9.1712
124.0162 206.7638 29.9345 17.6424 -10.7958
102.6265 260.0686 31.5457 19.8942 -12.7241
531.8617 210.1714 30.1343 17.5105 11.6397
79.1484 320.8815 35.5641 23.6966 -14.7533
142.4405 160.8710 27.5699 15.3743 -11.7549
517.4468 165.3465 27.4691 14.4352 8.7842
566.3440 327.8535 35.7324 23.7944 11.7530
380.2823 268.3849 25.2988 16.6649 3.4632
237.3095 160.7439 27.3633 14.9000 -7.2411
566.4571 328.5765 34.2688 24.8602 17.0640
377.7485 201.4308 22.6565 13.4258 1.2808
227.1648 206.5964 26.6782 15.7572 -6.4290
215.1040 260.0474 25.4135 15.5420 -11.2733
547.9695 263.0644 27.5315 17.6166 7.9672