118.8504 161.3330 81.3398 79.5996 -16.9096
117.1802 108.2934 21.4897 20.9770 -5.1185
75.5817 129.0651 20.3055 20.0851 -7.5039
160.6562 125.2838 18.9064 18.5386 16.2313
118.9953 160.5605 84.6572 83.2772 -33.1087
118.9938 161.3327 24.1866 23.6595 -13.4371
62.1232 167.8342 17.1157 16.6084 107.3023
165.5564 194.8326 15.6261 15.2083 51.4331
178.2477 160.1662 15.5651 15.1310 23.1064
102.0245 219.0853 13.9960 13.8736 105.6119
72.9916 199.8828 13.1782 12.7441 75.4229
315.1406 122.8057 14.7731 12.7563 50.8313
138.2630 217.0081 12.7442 12.6576 53.0910