204.2400 201.4830 97.5802 90.6869 88.4600
201.8514 204.0328 94.7458 81.7472 76.8084
192.6086 383.5936 80.3923 66.1083 40.3190
164.0283 196.9934 15.1298 12.6329 79.7594
142.1162 171.2991 14.6315 11.8979 85.9654
203.5220 133.4013 15.6724 13.4725 86.7669
179.8683 233.0031 15.2630 12.7323 70.5287
257.1281 193.1016 16.6843 14.5164 70.8484
214.9615 227.9577 15.8968 13.6310 71.3532
136.7236 211.0491 14.4155 11.7596 79.0693
166.9190 141.6605 15.0915 12.6042 89.5464
151.9389 248.4311 14.7296 12.0231 71.2479
221.0625 266.4396 15.9198 13.2771 64.1447
220.8605 186.5131 16.3766 13.9612 73.0466
193.0954 202.7892 15.4024 12.7962 77.8196
183.9272 334.6008 13.9993 12.1026 72.1948
152.8013 345.3387 13.0475 11.2467 62.8795
220.7606 347.1593 14.0788 12.6039 63.6196
250.3321 236.9544 16.7781 14.1715 67.3226
238.6539 152.3626 16.3737 14.1534 81.9615
183.4971 269.9194 15.1898 12.5052 67.6256
188.3484 168.1004 15.8160 13.2610 78.8040