261.1099 115.5644 140.8540 62.0792 40.8613
261.1264 115.5880 120.6824 52.8839 40.8940
261.1431 115.5959 125.2249 56.1239 40.8946
194.3002 185.9429 140.6840 62.1215 40.8641
130.2995 257.9902 140.5918 62.3966 40.8533
261.2231 115.3561 93.4971 42.7057 40.8781
130.4587 258.3446 61.4515 56.3850 40.4359
130.3004 258.0327 94.1724 41.6351 40.8959
194.4629 186.3408 61.4525 56.2832 39.8630
261.3056 115.8491 61.5265 56.3591 40.5835
194.3438 186.0070 94.1246 41.6597 40.9402
127.7494 255.9097 121.7944 55.8005 40.5165
191.8199 183.9650 121.5571 56.1981 40.6094