326.389690 174.753491 25.626806 18.568576 -0.648077
368.278836 219.689087 27.044719 19.807431 2.097261
255.471885 98.877055 22.982738 15.132200 -4.272076
235.742362 155.726762 24.753577 17.473058 -9.624408
310.145778 245.690953 27.737879 20.790588 -5.562295
340.043265 116.684726 23.337751 15.865538 3.282111
422.874327 197.647024 26.044854 18.619002 7.552331
150.127269 246.872660 2.838849 2.838849 -0.000000
151.906158 141.001705 23.883007 17.021815 -17.966885
180.339846 180.150800 25.192478 18.549797 -18.260158
212.408088 224.591684 26.853170 20.514196 -17.133072
420.117063 131.977378 6.491817 3.718847 -1.113055
185.447824 309.022344 29.729523 23.330099 -28.494761
428.509828 138.496585 23.853280 15.650873 8.875915
387.898762 102.218831 22.685702 14.080891 7.250460
151.999471 255.076547 27.853949 21.181519 -28.299413
351.211275 69.829923 21.885899 12.882590 5.730831
123.040619 207.962481 26.256653 19.501897 -27.244590
97.477124 165.981398 24.700211 18.007016 -26.218197
694.805003 63.005190 9.480509 5.264172 37.317652
