565.364869 327.506952 34.497797 23.506797 11.022948
226.647119 205.941256 26.719040 15.715969 -5.789074
237.116566 160.014295 27.585434 14.672279 -6.542424
531.748355 209.837402 30.058644 17.313454 9.943446
200.760366 324.443886 35.795042 24.093847 -8.332796
380.282036 267.701140 25.202301 16.452440 1.334768
517.518321 164.758211 27.204456 14.134925 6.437177
547.434244 262.126472 27.806568 17.584000 8.443183
101.995734 259.704768 31.273600 19.759013 -9.992877
377.477676 200.919025 22.627199 13.254775 0.853014
142.013839 160.283883 27.658058 15.336188 -9.876226
78.579379 320.152802 35.324964 23.343983 -13.040568
123.574807 206.060989 29.901929 17.589924 -10.226510
