137.744235 216.240751 12.835407 12.835407 -0.000000
116.732415 107.703923 21.195145 21.195145 -0.000000
177.780583 159.429017 15.444033 15.444033 -0.000000
160.138325 124.571945 18.714119 18.714119 -0.000000
118.352280 160.624987 80.661977 80.661977 -0.000000
61.497729 167.231204 16.957112 16.957112 -0.000000
101.596847 218.437639 14.093374 14.093374 -0.000000
314.588871 122.189250 14.776367 12.856642 50.458945
75.153590 128.424598 20.089442 20.089442 -0.000000
72.507891 199.092928 13.105364 13.105364 -0.000000
