238.335036 151.801002 16.573928 14.030118 82.898431
136.187517 210.486914 14.674062 11.952949 80.444676
250.020658 236.314413 16.887961 14.195541 71.198107
141.584010 170.619950 14.866251 11.960481 86.008900
166.429345 140.988417 15.330377 12.630945 -89.959365
187.896852 167.590060 16.092193 13.364184 81.177739
151.519267 247.905273 14.928035 12.130157 71.934286
163.626001 196.375812 15.385382 12.678722 80.258519
203.076021 132.886884 15.966038 13.594076 89.529720
192.950841 202.067511 15.596302 13.291759 78.696302
220.495056 185.915037 16.526937 14.015697 75.913951
220.752159 265.802261 16.027890 13.340832 68.490520
256.677121 192.416740 16.877259 14.534187 75.524298
179.466532 232.301908 15.507684 12.793183 72.939691
214.575019 227.329394 16.098790 13.660713 72.592036
152.243459 344.572002 13.313508 11.405724 63.891376
