395.768368 273.066330 7.086874 5.655968 44.386584
37.920638 41.903681 9.460238 9.460238 -0.000000
193.165050 21.711476 5.611001 5.611001 -0.000000
395.048342 62.386827 7.583442 7.583442 -0.000000
99.765337 7.513061 7.487300 5.331296 48.515075
385.189729 95.284727 5.429391 5.429391 -0.000000
546.341238 285.846173 5.170194 5.170194 -0.000000
541.575435 166.200921 9.121136 5.634349 -34.804499
216.045045 101.813573 6.092491 6.092491 -0.000000
201.953641 87.847136 10.202321 5.219358 80.364916
362.176631 51.468103 5.270407 5.270407 -0.000000
467.086167 187.208574 6.734133 6.734133 -0.000000
462.325749 150.616736 6.063414 6.063414 -0.000000
566.843088 158.341288 4.584147 4.584147 -0.000000
541.647025 272.907177 6.808536 6.808536 -0.000000
263.426690 285.298572 5.642967 4.877242 19.194968
260.000319 107.947194 5.598835 5.598835 -0.000000
526.515219 141.642602 6.065358 6.065358 -0.000000
266.982645 271.808439 5.004252 5.004252 -0.000000
452.856582 232.417162 5.715857 5.715857 -0.000000
23.548654 25.708105 6.411719 6.411719 -0.000000
510.007901 238.604272 8.318463 5.465262 -74.524554
