35.575144 19.871413 13.696830 13.696830 -0.000000
300.267138 100.413080 8.032470 6.923333 50.880483
346.123961 42.607967 6.564191 6.564191 -0.000000
67.228378 178.401777 2.820802 2.820802 -0.000000
371.164615 108.757936 1.789543 1.789543 -0.000000
319.564653 49.074738 2.209895 2.209895 -0.000000
345.417371 70.966204 2.167506 2.167506 -0.000000
371.464911 67.368040 2.209914 2.209914 -0.000000
38.376913 90.327433 2.207256 2.207256 -0.000000
21.614657 60.566767 1.964921 1.964921 -0.000000
