177.893535 166.284954 50.989945 50.002040 -7.517533
62.018592 166.275586 51.934696 51.438478 6.513814
152.478039 70.238579 6.839632 5.615299 78.392158
185.281044 89.583484 7.204505 6.014729 -17.353187
195.272962 183.282291 7.086885 6.069600 -41.709470
159.270854 33.889099 6.994117 5.031388 -29.733258
76.903173 186.592107 7.208635 6.180057 -38.057484
157.991676 184.356025 7.053093 5.904619 41.081198
313.329238 81.213817 7.399489 5.895957 -46.208111
269.521618 38.312768 7.229408 5.017730 -44.638224
205.883114 148.264662 6.991266 4.930524 58.875482
86.654546 78.392465 7.187003 5.413541 -68.513085
38.155854 42.513645 7.068685 5.462995 -43.521511
329.542522 48.149381 7.005336 3.756191 74.024772
