153.8422589333333 113.40199226666665 69.02 63.84533333333333 11.753798168374352
153.2179852 119.31250826666667 80.75999999999999 76.732 3.2907549765629502
153.7715632 119.15829173333333 89.65733333333333 83.83466666666666 14.808886389190958
154.00554999999997 120.50784999999999 98.33333333333333 92.5 14.151576896890782
63.09931293333332 207.63992599999997 13.833333333333332 14.998666666666667 26.17302410015395
32.96131466666666 116.36645599999999 10.661333333333333 12.68 41.75724702237734
46.387483733333326 76.47732613333334 11.166666666666666 9.224 -35.4018018868663
72.3574428 45.9563796 9.924 8.022666666666666 -17.57244231019714
105.42253959999996 26.478978133333335 9.333333333333332 7.2013333333333325 -8.597624112396796
142.6236317333333 18.50811866666666 9.126666666666665 6.833333333333333 2.1376372380061115
180.81131653333333 21.759549999999994 9.36 7.206666666666667 10.369415459638681
216.63768226666667 36.26439986666668 9.729333333333333 7.363999999999999 20.627798185992585
268.3247316 98.16828546666665 12.065333333333331 9.322666666666667 37.756889636111715
274.59741706666665 142.1928122666667 13.714666666666666 10.727999999999998 47.561353871099485
260.99144613333334 188.3096909333333 15.248 12.169333333333334 51.655162794735205
224.88323359999998 227.11966106666665 16.645333333333333 13.621333333333332 64.74703216016846
170.32188999999997 246.85447960000002 14.796 17.415999999999997 -9.647875867464355
111.09384746666667 239.07984266666665 15.0 17.0 6.97293294710457
153.927554 143.08994893333332 145.00799999999998 137.66133333333332 10.85934246585794
247.2637108 62.12147160000001 10.872 7.6706666666666665 20.627798185992585
37.81737266666664 163.0286744 11.202666666666666 13.762666666666664 41.752972780314494