305.5 208.5 135.0 102.0 0.0
305.24779149999995 212.621691 164.258 125.0 0.48700239744609125
305.00475 213.5165 176.5 133.0 0.48700239744609125
264.5 417.25 29.0 24.75 0.0
376.5 412.0 29.0 24.5 0.0
472.3894852 371.0291006 27.907 23.801 7.78168089329939
162.22472219999997 385.66442880000005 28.049 23.967 -15.533004999497717
89.319424 324.91966249999996 27.974 22.012 -15.634522125907347
56.139425999999986 250.7972746 26.741 20.402 -13.720808598228503
64.233214 176.64182780000002 24.705 18.206 -13.402583263154604
105.7926441 113.4881487 24.16 16.574 -9.073304283094723
171.24772439999998 67.4833751 22.839 15.385 -5.514478957735463
251.5055516 42.55318679999999 22.129 15.063 -1.484074027508274
336.91402439999996 39.7754316 22.062 14.761 2.4014485227450533
418.77606729999997 59.144663300000005 22.492 14.87 6.719209419370483
488.5917251 99.89195269999999 23.029 16.206 9.578175755214387
537.2223555 158.690299 24.205 17.658 13.47344830904347
554.6389979999999 230.05058849999998 25.626 18.819 14.981242791925515
534.2162648 305.0695489 27.062 21.296 15.521964053569182
305.0 222.333 223.333 169.667 0.0
304.0 238.197 292.0 223.803 0.0