283.60725173333327 260.21982879999996 123.608 73.596 1.9942844219415454
84.42346386666665 282.83426426666665 21.148 12.569333333333333 -6.741969971224594
98.74862320000001 386.5077997333333 24.471999999999998 16.16133333333333 -12.087553785731549
244.33333333333331 455.66799999999995 25.110666666666663 19.554666666666666 0.0
417.8313702666667 423.27116839999997 24.246666666666663 17.793333333333333 9.207052199947546
478.3076163999999 324.8222643999999 21.390666666666664 13.725333333333333 12.503328281348184
420.8575122666666 238.46779546666664 17.964 10.726666666666667 6.395870298518386
293.21500346666664 160.03751906666665 16.337333333333333 7.828 2.9980311843944896
404.6320417333334 145.85411986666668 15.974666666666666 7.68 4.485278039049369
444.5977329333333 101.35345373333328 14.111999999999998 5.981333333333333 6.206048365865439
403.94928626666666 58.901365866666666 11.645333333333333 4.8759999999999994 5.65871132617732
312.44454986666665 35.9950224 82.23733333333332 30.727999999999998 2.865838509609871
431.54006693333326 17.912853066666663 22.005333333333333 6.525333333333333 7.180445979638651
476.8950634666667 35.618690933333326 10.370666666666665 3.6946666666666665 8.94611554889199
397.8783682666667 18.36873546666667 9.899999999999999 3.1666666666666665 5.462602963667566
452.6014437333333 65.5170052 10.426666666666666 3.6666666666666665 3.8990646866881176
536.1600442666667 30.89147813333333 9.878666666666666 3.5533333333333332 4.749367705093958
528.469052 114.39603666666665 10.614666666666666 4.641333333333333 10.387354958105675
514.4099775999999 154.0612032 11.781333333333333 5.753333333333334 10.50983943849091
190.91733333333332 129.91733333333332 15.250666666666667 7.417333333333333 0.0
168.41733333333332 81.084 13.917333333333334 6.084 0.0
220.5 46.0 10.5 4.666666666666666 0.0
304.37694626666666 102.61080946666665 168.64266666666666 74.75333333333333 2.7224957082762473
424.48129173333336 43.13503493333333 82.41333333333333 31.394666666666666 7.4121395863733675
173.733568 213.87376066666667 17.726666666666667 10.110666666666667 -3.0323615964843245
276.08133573333333 338.6497381333333 245.46533333333332 159.34933333333333 1.4783465596927565