113.77649280000003 382.37332440000006 49.081 40.816 -20.990614046675407
113.81890660000002 384.78691419999996 80.154 64.765 -20.731062212488034
113.4282734 385.3819784 88.898 73.362 -19.614513066271098
113.8125872 386.11410459999996 99.776 81.45 -20.63316017985446
89.36462920000001 293.3100664 13.584 10.717 -23.56573108979431
147.8633292 288.3078664 13.584 10.717 -23.56573108979431
36.274789999999996 321.8641925 13.794 10.814 -24.689104926028588
200.7011868 307.5565476 13.794 11.364 -16.546681218589033
233.59451160000003 348.7630362 14.102 12.457 -16.546681218589033
237.11915630000001 402.6916844 15.328 13.405 -14.814425417448113
206.1509622 457.24207450000006 15.776 14.57 -14.814425417448113
146.64776409999996 493.4100801 15.776 14.57 -14.814425417448113
20.675719200000003 471.89292209999996 15.776 13.922 -30.65030284020042
77.109794 497.803277 15.547 14.048 -14.814425417448113
114.764464 400.79991440000003 157.059 129.704 -22.48235534122707
448.3241625 356.5814465 50.806 41.892 9.346461042171711
449.57020960000006 358.288203 81.624 67.088 7.84000372340134
449.16142310000004 359.3735992 91.775 76.368 9.346461042171711
449.0846596 360.0980336 101.49 84.844 8.580628417007778
463.6339831 261.6939413 14.652 11.325 6.72489975734879
402.3852206 266.3190538 14.652 11.325 6.72489975734879
351.8033001 294.1107197 14.652 11.325 6.72489975734879
323.48507070000005 340.06497529999996 14.652 12.623 6.72489975734879
326.8069213 395.13862069999993 15.148 13.765 2.951958867138221
364.18594609999997 445.0538421 15.821 14.799 0.9110172220574915
337.917 94.999 61.75 42.667 0.0
338.083 95.664 69.917 48.333 0.0
338.25 95.994 77.583 54.664 0.0
344.594 171.219 12.906 9.281 0.0
396.094 158.594 12.906 9.281 0.0
428.9931423 129.4782621 12.75 9.342 2.183440775950026
436.0137609 93.6315163 12.641 8.88 2.183440775950026
417.5727236 61.28379079999999 11.762 8.441 3.600638294784334
379.67857499999997 39.769994999999994 11.612 8.496 2.183440775950026
332.1177405 33.3322635 11.489 8.313 2.183440775950026
286.1051824 43.4874257 11.612 8.545 -7.296287735547336
253.1211073 68.01948790000002 11.549 8.551 -1.5012562525012851
240.20311639999997 101.9630025 12.115 9.214 -7.296287735547336
253.65205289999994 136.8812135 12.336 9.493 -3.3365162504921777
291.44352449999997 162.58094039999997 13.022 9.838 -3.3365162504921777
338.833 104.667 121.5 85.333 0.0
101.06072700000001 59.94768930000001 35.758 22.777 -12.421295905796157
100.2619542 61.121866600000004 57.766 35.591 -9.887160229725767
100.40876349999999 61.42524809999999 64.285 40.74 -12.767442937115185
100.8415175 61.9765335 70.924 44.641 -13.338616671535394
54.7043323 23.8344538 9.58 5.185 -15.278738366814508
23.385728199999996 47.6070678 9.84 5.889 -15.277228595652538
11.432221100000003 77.7597177 9.242 5.636 -15.277228595652538
23.594871300000005 105.58151289999998 9.823 6.891 -15.277228595652538
58.857010200000005 123.2409536 10.211 7.298 -13.845855806260596
107.60813820000001 124.7741058 10.983 8.011 -15.28426560541273
153.944174 108.46601320000002 11.136 7.53 -15.277228595652538
184.8689152 80.74842720000001 10.852 7.663 -11.19757032689454
191.13010079999995 49.9764433 10.163 6.718 -14.258582938373674
174.42820179999998 24.5172752 9.744 5.694 -13.938974273037346
139.23323769999996 10.806964700000002 9.401 6.43 -13.585991207888908
96.28940600000001 10.066646799999997 9.625 6.482 -13.1384861734363
102.6094434 68.675141 112.504 72.148 -12.175192091829736
5.9142583 249.77023710000003 14.611 10.174 -22.936768515017366
-3.9193723000000062 211.77204690000002 14.611 10.174 -22.936768515017366
337.625 93.875 38.375 26.375 0.0
450.48020560000003 372.97699760000006 161.272 132.333 10.754814805597485
428.353073 473.60901199999995 16.834 14.5 16.080759220305374
499.692108 469.7915793 16.656 14.667 14.193267305616022