370.8893333333333 390.00133333333326 127.77733333333333 126.88799999999999 0.0
370.66666666666663 385.11199999999997 136.0 137.11066666666665 0.0
370.66666666666663 385.11199999999997 136.0 137.11066666666665 0.0
371.1106666666667 385.5573333333333 157.77733333333333 156.664 0.0
371.332 385.33466666666664 171.77733333333333 170.21866666666665 0.0
370.444 386.44266666666664 187.332 185.54933333333332 0.0
401.5 157.5 26.666666666666664 25.833333333333332 0.0
554.9562841333334 245.1242294666667 25.947999999999997 26.27733333333333 -47.38290811710367
230.5 201.5 26.666666666666664 25.833333333333332 0.0
138.33333333333331 354.1386666666666 28.333333333333332 28.361333333333334 0.0
181.38933333333333 529.4986666666666 28.72266666666667 29.501333333333335 0.0
339.66666666666663 621.6106666666667 29.44533333333333 29.501333333333335 0.0
515.7773333333333 573.1666666666666 29.44533333333333 29.501333333333335 0.0
602.0 416.8333333333333 26.334666666666667 27.834666666666667 0.0
370.66666666666663 388.44533333333334 201.33333333333331 201.77733333333333 0.0
369.3333333333333 393.3333333333333 290.66666666666663 289.3333333333333 0.0