283.4341968 258.2623324 111.874 151.454 9.986072924617423
240.96534420000003 250.0660326 188.297 248.855 10.049134356382913
109.3267473 207.54343059999997 19.761 23.944 10.818873133783367
146.78305569999998 403.1758177 18.523 23.005 15.266174231524342
292.198765 432.9569662 15.855 21.574 12.321246735550245
355.46825559999996 376.84815560000004 19.389 27.524 12.321246735550245
391.7627862 293.10651939999997 17.063 21.056 12.321246735550245
368.489826 118.00995599999999 15.662 21.056 1.9370216990135718
317.8269404 66.6908048 20.18 27.0 1.9370216990135718
254.57701759999998 251.6230512 136.057 178.368 10.649219659244944
156.75 113.5 25.25 31.25 0.0
231.625 62.5 17.625 22.5 0.0
282.89169360000005 258.51814160000004 100.851 135.726 10.136758012487713