192.72973083333335 134.22213333333335 54.01666666666667 45.325 -43.54137611886818
143.35136333333338 97.830005 8.395833333333334 6.987500000000001 -39.84371789961516
127.86672541666667 131.71135083333334 8.629166666666668 7.3500000000000005 -39.84371789961516
179.61574375000006 199.06677375 8.395833333333334 6.987500000000001 -39.84371789961516
212.54751666666672 191.76381291666667 8.295833333333334 6.987500000000001 -39.84371789961516
255.19390499999997 106.17369666666667 8.295833333333334 6.987500000000001 -46.70183574687876
238.13582083333333 80.6523975 8.295833333333334 6.987500000000001 -46.70183574687876
189.14805833333332 131.33192499999998 96.74583333333335 114.04583333333333 45.891375850375745
130.50066125000004 319.11913375000006 45.862500000000004 30.208333333333336 -3.686774804566638
88.52015833333333 291.18859833333335 7.908333333333333 5.691666666666667 -8.818036777203401
188.67134249999998 305.7166608333333 7.908333333333333 5.691666666666667 -2.6249354386701316
114.05317208333337 359.61583125000004 9.125 5.812500000000001 -2.6309216818175494
130.19235708333338 323.31186833333334 102.12916666666668 68.64166666666667 -1.8223025365658527
355.63106708333345 280.8923279166667 71.92500000000001 45.4625 7.8108414008067175
309.83985041666665 227.42908458333332 9.3125 5.445833333333334 5.808079444659856
276.86905708333336 244.53116958333337 9.658333333333335 5.754166666666667 5.802379414357643
355.9289791666667 285.3092541666666 118.28333333333335 74.7125 8.5627780621045
308.3431316666667 328.71953666666667 10.716666666666669 7.295833333333333 4.692265870767991
357.7481108333333 341.3214008333334 10.520833333333334 6.9125000000000005 5.9808165969879505
448.43335083333335 284.3545025000001 9.104166666666668 5.6000000000000005 12.550558912433916
432.33179333333334 255.31502833333334 10.316666666666666 5.291666666666667 5.01391480891882