315.06103905630187 314.39028739569346 129.98617147372582 101.42335045436586 -72.65041875174904
271.7554762352825 105.44227169043856 26.298893717898064 32.34887396286053 0.0
132.11013615231133 262.46228798834454 33.05807981035164 27.972145397076254 -80.09026230083177
161.72807036803633 461.98736246483605 33.73271434215725 28.65073093638878 -74.49613128451381
321.245098123864 501.00350499743183 33.73370209403398 28.65073093638878 -74.49613128451381
446.85610592710384 351.3678865659818 33.73370209403398 28.65073093638878 -74.49613128451381
423.9829198346503 159.7490058864085 33.73370209403398 28.65073093638878 -74.49613128451381
376.3337061839194 48.15266284018174 12.840774397471355 15.063216120110628 0.0
153.98931947905965 119.42007611556696 17.06538917423943 13.99446858949032 -77.52028625681078
72.42628382121691 390.1229471151719 17.06637692611616 14.26412485183722 -77.52028625681078
219.93821606143806 569.2145919195971 16.236665349664165 12.99585144211774 -70.90192680267995
429.81637054583166 482.51934419142634 16.235677597787436 12.99585144211774 -70.90192680267995
284.257358594034 303.32417666870805 297.82595811932043 234.59600948241803 -71.76616446192403
288.7210400440538 305.56569504089293 253.9905175819834 199.81035163966814 -72.97477854465653
506.9747571519162 232.94918595357566 10.865270644014224 15.680561043065982 0.0