134.33632620000003 185.55808340000002 33.387 44.842 44.85414767309553
131.6242927 184.8192079 46.706 63.566 47.09500569731419
251.99111270000003 219.38977609999998 14.333 17.361 27.884760775477
237.44690559999998 285.13395579999997 13.424 16.625 27.884760775477
211.5887866 409.9730411 14.764 17.967 12.304453419297506
337.8147828 415.2445544 13.821 16.314 5.382208417056632
468.93815660000007 420.8890668 16.796 19.528 5.382208417056632
602.635565 429.312438 13.508 16.245 5.382208417056632
739.8610062999999 433.77461489999996 16.544 20.088 -6.332599045972498
727.8137843999999 234.7409124 16.881 18.516 -10.824500911508487
722.7092991999999 169.5676774 14.779 15.455 -12.8563293426697
716.0536173999999 73.77556299999999 13.495 13.556 -12.8563293426697
604.4399540999999 71.99442350000002 11.337 11.734 -12.8563293426697
496.879328 68.5776802 13.951 13.36 -12.8563293426697
491.02014169999995 136.3085331000001 17.773 18.327 43.557576165524964
488.7473992 173.5107546000001 12.422 12.818 43.557576165524964
521.7337746000001 157.54526880000003 11.02 12.002 43.557576165524964
478.22435440000004 282.9011902000001 13.698 14.502 43.557576165524964
512.4711043 302.73453650000005 10.25 12.127 1.0600629849202285
851.1146148 210.16213220000003 37.202 42.655 -42.56042372747307
851.2425625999999 210.2424168 46.682 55.873 -50.087320404988745
552.5 246.375 8.75 9.375 0.0
284.2990056 66.5884962 12.875 13.5 12.426891204131955
388.13105160000003 68.00131819999999 11.941 12.347 12.426891204131955
334.4150048 113.72848390000001 15.821 14.275 -53.36388186407213
316.932007 215.34705639999996 18.205 15.115 -42.67376470336946
637.3487212 224.3906316 28.572 29.807 -15.854105521283373
636.1554853 118.58564709999999 26.308 26.188 -19.66885443008867
512.583 227.167 24.75 25.667 0.0
591.0 230.688 19.125 19.688 0.0
456.188 226.438 24.688 24.063 0.0
380.5379056 224.72129819999995 17.167 19.275 24.550645410224046
476.2398698 328.8019878 19.25 21.875 20.76929896791682