187.52798916666669 264.30625333333336 86.45833333333334 74.19166666666668 -13.875043058349268
392.08693166666666 257.37360333333334 93.65 82.35000000000001 -3.3307963230967275
130.23197166666668 424.0964600000001 49.47916666666667 44.400000000000006 -3.278986258854422
291.7379204166667 406.37026750000007 78.97916666666667 69.55416666666667 -10.976200608924165
463.9399891666667 411.5037075000001 64.58333333333334 58.63333333333333 -5.958023073712743
193.22916666666669 89.97500000000001 35.679166666666674 29.037500000000005 0.0
404.95000000000005 84.76666666666668 35.679166666666674 29.037500000000005 0.0
665.2193366666668 87.52196666666667 75.12916666666666 59.37083333333334 2.120460203374242
884.13271375 93.10111041666669 82.69166666666668 68.58333333333334 9.131691786644565
928.0322833333335 258.1750925 55.733333333333334 45.71666666666667 13.962596761603896
763.7081191666667 260.68939916666665 69.75 59.9125 6.436365855354978
633.3086616666668 261.42236625 41.75416666666667 35.47916666666667 5.094318693148637