179.7370546 149.0817728 24.083 15.583 4.623269453047267
122.2712416 146.021076 21.931 13.857 -0.09167316899321425
95.29598130000001 119.64830610000001 17.833 11.218 -3.112768474711322
105.4948983 96.0506375 14.354 8.783 -3.112768474711322
131.6021059 82.32176510000001 11.854 6.91 -3.112768474711322
220.375 94.203 3.0 1.766 0.0
206.813 86.5 5.063 3.25 0.0
186.459 80.688 7.042 4.229 0.0
75.063 161.781 4.688 3.156 0.0
58.188 146.656 9.938 6.094 0.0
39.958 128.375 14.292 9.125 0.0
36.8543631 101.2993465 20.322 10.794 -6.321209577404473
54.198487699999994 73.4520247 21.461 11.793 -6.321209577404473
91.7733176 56.895709 16.109 8.516 -5.7562003471646515
131.1987481 48.4002337 13.36 7.505 -2.3957238279642805
164.25073429999998 48.7898291 9.929 5.166 -2.3957238279642805
157.06482499999998 121.747313 91.6 55.25 1.2376438733345956
180.875 116.5 5.625 2.875 0.0
135.625 93.125 5.625 2.875 0.0
132.5 140.5 122.5 77.0 0.0
215.3201517 117.0788149 24.92 15.023 5.209471662541669