249.739088 300.243192 130.269 79.75 -1.0600629849202285
229.0 279.5 17.5 12.5 0.0
172.5 431.0 17.5 12.0 0.0
50.32474979999999 357.77483639999997 16.078 10.392 -3.7439500610035297
56.1509299 257.5111743 15.2 9.278 -5.071491250718677
165.2633622 190.26402519999996 14.225 8.287 -5.071491250718677
314.0091861 182.94193979999997 14.225 8.287 -0.24637033345125248
433.0422296 238.37355050000002 15.135 8.932 1.5758669548097965
456.76839830000006 335.1528907 16.308 10.187 1.5758669548097965
124.6251728 48.882128400000006 14.132 8.265 -3.9680502965970206
42.785607999999996 130.586936 14.962 8.88 -3.9680502965970206
266.92948179999996 22.039990399999994 13.843 8.38 -2.1032827873963593
401.60424980000005 58.0201104 14.356 8.654 2.4357956799792264
461.06114190000005 145.82506410000002 15.71 9.528 2.4357956799792264
249.66324970000002 144.8865515 140.127 86.499 -1.363791149448843
249.6152088 152.913008 125.483 76.823 -2.292442041982848
250.2164426 155.5099022 244.259 150.012 -1.5185900408710928
250.47095130000005 312.32529500000004 247.027 150.762 -1.5185900408710928
350.62108920000003 421.08912030000005 17.149 11.269 3.1413740227251927