98.91733333333333 92.0 28.583999999999996 34.33333333333333 0.0
97.584 91.75066666666666 35.75066666666666 41.583999999999996 0.0
34.666666666666664 94.5 10.0 11.166666666666666 0.0
54.75066666666667 141.45866666666666 10.0 11.041333333333334 0.0
94.89906866666666 155.96149666666665 9.097333333333333 10.597333333333333 2.298167009688892
131.37800706666667 134.33271773333334 8.399999999999999 10.506666666666666 5.29610352065142
145.76629746666666 90.38994573333335 8.399999999999999 10.506666666666666 5.29610352065142
130.9347832 46.175172133333334 8.638666666666666 11.194666666666667 -1.6904112176606878
92.79956306666665 25.6011736 8.846666666666666 11.524000000000001 -1.6904112176606878
51.38750759999999 44.5612852 9.646666666666667 11.584 -7.822194185311654
85.11066666666666 91.0 15.889333333333333 22.77733333333333 0.0
256.8333333333333 87.61066666666666 21.055999999999997 21.72266666666667 0.0
256.0728557333333 87.21456213333332 27.962666666666667 29.22266666666667 8.378057310865419
243.73361920000002 84.94821080000001 34.04 37.0 12.081950957659108
246.5 31.0 8.666666666666666 9.166666666666666 0.0
282.1717010666666 47.34088320000001 8.306666666666667 9.166666666666666 24.18646763903464
295.7561244 85.58941026666663 8.306666666666667 9.166666666666666 24.18646763903464
279.3411844 122.84076653333335 8.306666666666667 9.166666666666666 24.18646763903464
243.5854744 138.5269437333333 8.306666666666667 9.166666666666666 24.19169413964397
207.25236426666666 123.77518559999999 8.306666666666667 9.166666666666666 24.19169413964397
192.49015866666664 86.00249306666663 8.657333333333334 9.166666666666666 24.19169413964397
208.49139199999996 47.16925973333335 8.657333333333334 9.166666666666666 24.19169413964397
241.9329006666667 83.85734133333332 72.16666666666666 73.48533333333333 19.5856028989775
226.3631904 184.65380053333334 116.73466666666667 23.685333333333332 1.5930494198834155
222.75133813333332 199.99844346666669 15.413333333333334 2.829333333333333 0.6360206315370781
158.43629706666667 191.58329333333336 15.413333333333334 2.829333333333333 -0.2520998029818993
140.89102986666666 178.29396533333335 13.367999999999999 3.0426666666666664 -0.2520998029818993
289.80540640000004 195.16288506666666 15.559999999999999 3.333333333333333 1.7993956569615404
309.43759546666666 182.40544120000004 14.025333333333332 3.333333333333333 1.7993956569615404
86.66666666666666 89.66666666666666 75.33333333333333 89.66666666666666 0.0
224.78112853333334 181.0114976 65.0 10.545333333333332 1.5357734390361517