244.87760444059995 303.0188378594 43.636 59.757 -96.00420749182867
244.89791584060004 304.5620509594 49.636 68.247 -96.00420749182867
285.2502441406 301.7497558594 8.375 4.875 0.0
407.9956331406 280.78812965940006 5.283 9.026 -87.8623627619939
408.54470414059995 244.55776865940004 4.782 9.026 -87.8623627619939
364.6794369406 218.76415145939995 4.782 8.868 -88.11470657121501
303.49480944059997 215.76021075939997 4.626 8.196 -88.12615912607676
250.1756785406 240.8897090594 6.604 8.95 -92.5562522911703
184.9187755406 259.93433795939995 6.759 9.164 -94.05989944382792
150.21142924059998 307.8235197594 6.977 9.543 -94.05989944382792
146.11560634059998 202.15467275940006 7.059 9.339 -145.54872467293958
58.4342573406 187.14207575939997 8.141 9.494 -145.54872467293958
88.8006217406 84.6125720594 8.686 9.494 -145.54872467293958
176.60052904059998 107.21556465939999 8.169 9.266 -145.54872467293958
252.21909114059994 74.8843018594 6.803 9.015 -149.2494717303756
300.88283824059994 63.4778603594 5.83 9.015 -158.64120913485087
327.88751814060004 98.35835095939994 5.447 9.015 -158.64120913485087
322.10331024059997 154.39508915940002 5.118 8.535 -158.64863166914273
288.40710804059995 202.8347265594 4.827 8.29 -152.59449675589772
243.6039780406 219.23143895939995 5.259 8.513 -152.59449675589772
211.27283634059998 191.5944368594 6.279 8.916 -152.59449675589772
213.50977064059998 130.56500725940003 6.561 9.67 -152.59449675589772
269.6067237406 141.4281350594 68.874 44.492 -63.49388189675902
326.5002441406 253.2497558594 54.0 27.25 0.0
328.5752330405999 263.31687475940004 57.6 102.691 -88.88265046760569
245.72562714059998 315.4602768594 86.162 115.915 -94.96825161065715
123.4978783406 254.9725755594 55.941 100.127 -96.59770624253633
266.1661839406 139.18636805940005 100.514 65.549 -65.02118002143341
120.1608019406 147.8221434594 44.283 37.744 -61.412860854970816
120.48265544060001 147.75103465940003 52.142 45.209 -57.600438931932
114.25439034060003 143.7288222594 91.239 77.865 -57.51298767256629
44.23665274059999 244.49061865939998 8.167 4.402 -8.528782360975772
48.784014840599994 280.22288495940006 8.678 4.732 -8.528782360975772
102.2262158406 300.4856209594 9.001 5.08 -8.528782360975772
193.5002441406 221.97875585940002 7.75 4.354 0.0
170.4532427406 360.7053836594 9.829 7.688 -9.909737699168234
239.7502441406 385.4167558594 10.167 8.583 0.0
313.9582441406 361.2507558594 9.958 7.916 0.0
342.2502441406 306.9157558594 9.583 7.667 0.0
313.3342441406 258.5407558594 8.833 6.792 0.0