45.81997434060001 188.2392002594 12.25 10.014 -63.978190527561715
71.6421389406 101.8599809594 12.658 10.015 -63.978190527561715
139.1419415406 51.703590059400014 12.656 10.015 -68.0985756983481
204.8923946406 65.94791485939997 12.658 10.015 -66.17771343893746
231.06302334059998 132.45391895940003 12.658 10.015 -66.17771343893746
204.47010134059997 212.39040295939998 12.958 9.326 -66.17771343893746
143.5255362406 263.5127686594001 12.958 9.637 -66.17771343893746
76.76607474059996 254.5822966594 12.957 9.782 -66.17771343893746
140.0195533406 158.1910314594 83.955 62.539 -61.29488502497939
136.9446924406 156.8897097594 136.999 103.196 -64.5137461851747
314.74162614060003 128.56821185940007 11.208 9.42 -57.247560551845616
391.89015484059996 146.17421005939997 11.207 8.908 -71.63933652773297
356.2198498406 249.17015975939995 11.207 8.908 -71.63933652773297
278.5566951406 235.50820445940002 11.207 8.907 -71.63933652773297
335.7678862406 191.3597180594 42.697 32.404 -69.65318246037455
333.46382364059997 189.63858835940005 102.605 70.952 -65.75187802016539
511.2667965406 199.2937960594 24.418 17.295 -65.78793003821002
509.8813793406 198.35235845939997 90.457 62.694 -65.36732025247443
492.3246366406 150.51286545940002 12.162 8.742 -62.766126959800296
556.7534955405999 160.84222555940002 8.291 12.403 25.79121186039561
530.1415714406 246.0193397594 8.264 12.41 26.65473591076119
465.6929736405999 237.59069925940005 8.034 12.743 24.568660091105905