59.8844428813 73.79726079999999 7.166 8.607 -141.08068555424367
97.22354088130001 57.966138400000006 7.166 8.607 -141.08068555424367
130.0527194813 71.13119019999999 7.166 8.606 -141.08068555424367
139.53776228129996 103.35549759999998 6.642 8.252 -141.08068555424367
122.08779348129998 135.8535432 6.642 8.032 -141.08068555424367
87.53595968129999 151.23440699999998 6.928 8.172 -141.08068555424367
54.232585881300004 140.7032726 7.073 8.405 -141.08068555424367
41.832356481299996 109.06532319999998 7.282 8.406 -141.08068555424367
94.01597208129999 108.4730783 13.273 15.711 -137.4680830201224
195.4938269813 53.38064300000002 4.741 6.098 -132.34537565846742
218.64942278129996 60.771160099999975 4.741 5.331 -132.34537565846742
169.93082318129998 66.39339659999999 4.941 5.916 -135.80624478819593
159.2591134813 91.31053009999997 4.942 5.916 -103.49149902067413
169.6429903813 113.14699780000001 4.717 5.916 -126.955841250656
193.83078528130002 118.90116100000003 4.717 5.917 -126.955841250656
218.67555308130002 106.7981178 4.419 5.916 -132.5928049529101
266.09542508130005 102.62099119999999 18.901 15.343 -145.8904235020692
273.6958490813 67.5859012 6.068 5.05 -151.7846143079841
297.5500693813 85.67521629999999 6.068 5.248 -151.77685655599188
288.0127236813 130.9603312 6.068 5.001 -151.77685655599188
262.0866951813 131.55807749999997 6.067 4.903 -151.77685655599188
239.93270578130003 114.45193030000001 6.23 4.797 -144.97653032992378
233.4722033813 88.82827730000002 6.23 4.796 -144.97653032992378
246.98733988129996 69.74256160000002 6.523 4.796 -144.98451062234616
319.24045768130003 116.64807659999997 5.762 3.897 -116.53174117082813
336.3968839813 124.07874800000002 5.483 3.68 -116.51892963472856
345.90572138130005 145.29906469999997 6.295 3.912 -116.52661483701661
330.0105458813 169.13103349999994 6.294 3.913 -116.51892963472856
248.8754882813 175.791 7.125 3.709 0.0
235.5314882813 149.041 6.844 3.709 0.0
188.2404882813 155.624 6.844 3.709 0.0
198.6674882813 183.124 7.292 3.709 0.0
97.14090608129999 197.82992240000004 7.292 4.703 161.95279103031203
146.32055778129998 206.9409665 7.09 4.523 156.73971701163657
170.2259396813 171.12672229999998 6.391 4.355 155.4313399088941
122.53660778129998 163.94697950000003 6.391 4.01 163.67447943765447
133.4677540813 186.15327000000005 49.43 30.336 164.7880960809642
217.7764341813 161.9469251 22.117 12.15 176.4454665829958
266.27536108130005 102.14476880000001 25.632 20.807 -145.8904235020692
133.07541668129997 182.0581314 20.964 12.306 164.7880960809642
217.42274828129996 167.16507900000002 27.167 48.251 -90.79071063156245
305.31607168130006 153.35043340000004 8.624 5.812 -117.1877233131437
305.03578488130006 142.22069619999996 6.75 4.098 -114.74552869508757
195.5867713813 87.77671229999999 14.756 17.489 -119.69513613653093
194.80447718129997 87.03481169999998 22.757 26.209 -123.72979335614579
193.9093090813 85.64512339999999 40.396 47.147 -125.07275677139529
93.7494713813 108.26238080000002 22.829 26.832 -127.68352438851049
93.52453408129998 107.4575834 33.581 39.454 -128.98463208611224
90.2037884813 103.40874159999998 56.907 66.442 -124.78502123217666
325.6173088813 142.89892959999997 26.142 39.329 -29.892693363770075
268.5694186813 98.8469116 48.367 40.8 38.389572472327956
301.6968708813 112.42033340000003 5.139 4.375 32.96862443621201