129.38478714059997 201.13548845940002 25.183 23.123 -68.70291739245758
129.83525304059998 202.86951205940005 54.463 50.828 -68.70291739245758
132.2555447406 203.3508972594 56.43 54.095 -68.70291739245758
187.99787264059998 261.41037295940004 19.869 18.219 -68.70291739245758
70.83341674060001 262.2174918594 19.626 17.546 -81.07741491535864
76.19831194060002 148.0195536594 19.074 16.571 -81.07741491535864
189.46767954060002 144.82502255940003 19.042 18.021 -81.07175476680541
369.3568574406 170.45586975940006 27.333 28.173 -46.568078822150085
438.58715254059996 188.87493005940007 19.123 20.894 -46.568078822150085
378.5006130406 103.79307195939997 18.638 20.314 -46.568078822150085
215.2656378406 108.26650945940001 20.997 23.782 -81.07175476680541
229.46958024059998 43.80564995939996 15.588 17.006 -81.07741491535864
139.32457774059998 96.4877994594 14.688 16.383 -81.07741491535864
357.16724414059996 243.7487558594 21.167 21.751 0.0
295.23761774059994 152.5429374594 20.96 20.601 16.343626636958362
369.51205414059996 170.33871995939992 45.343 40.566 38.630279884579
364.5181081406 175.24563175940003 99.137 110.874 -40.19363065265838
214.16624414059999 108.4997558594 54.667 49.0 0.0
213.5002441406 115.7497558594 114.0 103.25 0.0
132.42932334059998 206.6846462594 119.167 112.001 -47.32623529663055