384.35516569999993 376.48973409999996 14.602 12.311 19.118066105769355
399.3878576000001 332.98230370000005 14.602 11.71 28.60771598753065
412.98601269999995 292.7888159 14.19 10.769 28.60771598753065
425.6664099999999 255.52365549999996 13.049 10.008 28.60771598753065
437.05710110000007 221.10071669999996 13.048 9.504 28.60771598753065
447.75283939999997 188.2966876 12.884 9.338 21.30242077282955
91.92830939999999 190.40519999999998 13.599 10.607 -5.716294436986585
120.36420120000001 156.71253480000001 12.884 9.681 -5.716294436986585
146.540376 126.050216 12.293 9.116 -5.716294436986585
170.4990414 97.3750804 11.799 8.59 -5.716294436986585
192.71012 71.368058 11.456 8.142 -2.6767104056796045
213.098195 47.11449639999999 11.602 7.741 -1.4439811362089188