138.1252441406 341.2497558594 29.375 27.75 0.0
138.1252441406 342.21275585940003 52.125 51.787 0.0
71.1108857406 280.09082355939995 20.386 19.751 -132.88879997249276
78.9792441406 406.4997558594 19.604 19.25 0.0
205.5942010406 404.8950189594 19.872 20.251 -48.3726461086733
200.93824414059998 278.3807558594 20.063 20.13 0.0
387.1252441406 403.3077558594 19.375 19.692 0.0
516.1682441406 403.7707558594 19.832 19.905 0.0
452.5632441406 340.4377558594 30.688 29.813 0.0
452.6252441406 340.7507558594 52.375 51.749 0.0
452.2502441406 340.3747558594 38.0 37.375 0.0
389.2502441406 275.4377558594 19.75 19.822 0.0
520.6462441406 277.4837558594 19.813 19.683 0.0
324.5002441406 287.0627558594 18.375 11.688 0.0
321.3132441406 189.1247558594 20.563 13.25 0.0
152.3021275406 190.7478506594 12.84 20.292 -83.40798532621312
53.73859784060002 130.27944505940002 13.647 20.293 -84.66396199589582
78.56154074060002 228.86805775940002 11.94 17.166 -84.66396199589582
138.1672441406 341.8537558594 38.667 37.688 0.0
581.9747246406 294.42220015939995 14.416 22.876 -93.1585366000222
609.2047415406 182.12784855940015 16.674 25.034 -94.29543815703668
503.7422833406 234.60586865939996 52.374 85.251 -90.65893830815374
502.1117774406 221.11395215940001 38.377 62.873 -90.65893830815374
303.5044059406 101.06888445940005 16.568 26.055 -92.74538705844778
241.5077743406 242.4080007594 43.834 71.251 -88.83682283274106
416.5002441406 174.0827558594 27.667 16.917 0.0
242.62186384059999 241.6147143594 46.793 28.342 4.9335072680365295
242.1552940406 240.9724969594 55.319 34.993 4.778392333311817