102.13447614060001 64.22244409999999 26.41 24.763 176.5201597763051
106.96828854060001 128.1164288 10.305 9.946 176.52587857400007
155.4655848406 122.37358240000002 10.305 9.786 176.5201597763051
56.65013884060001 133.3589454 10.642 10.016 176.51409268971128
58.4237167406 175.3610276 10.61 9.696 176.51444104802982
107.51114784059999 169.23720520000003 10.284 9.596 176.5201597763051
154.40599414059997 163.06279540000003 9.719 9.133 176.51444104802982
168.7812441406 216.484 5.25 5.141 0.0
36.7087390406 70.5011504 5.958 5.0 177.86808839764294
164.9688499406 58.9416676 5.802 5.0 175.78497940530022
350.7385639406 150.5907712 5.659 6.282 -134.96758830524598
336.2968848406 174.96184450000004 5.659 6.282 -134.9716417716297
334.5066245406 200.37492599999996 5.832 6.513 -139.99781932208072
344.96658614060004 220.39123239999998 5.831 6.512 -139.99781932208072
410.08751484059997 207.2433299 5.165 6.08 -148.31104404355318
423.78953374059995 183.55647499999998 4.937 6.011 -157.36118235120492
426.95642174060004 160.3224786 4.938 6.175 -177.5699287252473
418.9964677406 140.4486771 4.938 6.175 -175.05507628207712
399.04081694060005 131.00093340000004 5.078 6.536 -175.0436602258058
374.13205694059997 134.0411504 5.64 6.536 -179.44997741295305
514.5216522405999 175.66929209999998 5.377 6.666 176.0376656019113
492.9194453405999 162.219201 5.252 6.797 176.04338157941544
472.5936877406 150.25998759999996 4.871 6.798 174.0533743981783
529.0878377406 95.56984879999999 5.086 7.111 174.0533743981783
505.4741585405999 85.95898059999999 5.094 7.12 174.0533743981783
488.18305744059995 49.2032897 5.04 7.174 176.8128603667978
251.0603136406 57.46644810000001 4.125 4.534 157.92621657325506
249.1573185406 69.15617089999999 3.931 4.226 157.92621657325506
256.2504511406 77.059033 3.931 4.226 157.9315263804753
260.1560192406 87.4250445 3.572 4.113 157.9315263804753
249.4464561406 45.88058410000001 3.444 4.114 157.92621657325506
257.10140614060003 36.121911399999995 3.801 4.828 157.9315263804753
261.20319134060003 25.063888400000003 3.366 4.675 161.57229876157075
269.84659774060003 5.7362112 3.88 4.675 161.5795454291121
291.1405977406 4.605524000000003 3.88 4.675 161.5795454291121
311.2636681406 3.671999200000002 3.881 4.813 161.5795454291121
321.3171385406 21.183244799999997 3.29 4.251 161.5795454291121
324.2431993406 31.745242399999995 3.539 4.322 161.5795454291121
330.40027634060004 40.0737379 3.118 4.072 161.58498140347095
327.7515248406 51.01086300000001 3.34 4.43 167.69554658070248
329.2175523406 62.1333218 3.341 4.265 167.60231790633358
322.3388113406 70.3830022 3.341 4.265 167.60231790633358
382.78882644059996 46.338980100000015 5.445 7.194 -161.7172500942489
373.88172214060006 59.094866 2.335 2.661 177.63290036158247
402.05532414059996 56.944905399999996 2.4 2.832 176.17563504398166
376.3233473406 34.2190174 2.638 3.003 -174.42794127797808
404.0548784406 32.8904665 2.638 3.101 -177.03087593596845
201.25464064059997 26.807061300000004 2.174 3.041 158.67206340095922
202.11779534059997 18.322680999999996 2.522 3.213 158.6848215750889
201.32518814060003 9.239579899999995 2.522 3.213 158.6848215750889
206.69538054059998 2.0459148000000056 2.522 3.213 158.6794841519978
578.5554475406 141.24667459999995 11.902 21.542 -158.6901593862206
275.3332441406 98.75 2.5 6.583 0.0
288.5002441406 111.25 2.833 7.917 0.0
303.5002441406 124.583 2.833 7.917 0.0
298.0002441406 216.208 2.833 7.917 0.0
285.5002441406 200.583 2.833 7.917 0.0
272.7502441406 183.521 2.833 6.604 0.0
45.467667440599996 3.3623265 11.152 8.106 177.86808839764294
98.6493392406 -0.3650120000000001 10.583 8.105 177.86808839764294
150.89227074060003 -3.3609461000000014 10.583 8.105 177.86808839764294
375.39604244059996 174.2227819 32.122 25.585 -52.24311036388828
484.1506866406 76.70062290000004 6.333 4.333 -98.91126426089694
510.0138676406 57.21527949999995 6.583 5.167 -93.18141915332511
533.8033121405999 65.78446380000003 7.408 5.668 -97.89187100688117
356.4372441406 29.344 3.563 3.781 0.0
291.16724414059996 54.208 11.333 11.958 0.0
291.5655721406 53.16639300000003 25.029 23.917 -74.47251532568282
383.08254134059996 46.2716054 9.844 7.876 -70.677236978465
353.8915744406 68.5553101000001 3.875 3.157 -116.0910137282905
206.84702274059998 33.47197659999998 2.952 2.917 -122.18029081276885
210.1147543406 41.56070860000003 2.931 2.312 -120.08032702240077
112.5832441406 223.168 23.25 19.165 0.0
573.2025593405999 116.42592889999997 3.812 3.188 -57.20143192807933
560.0787323406 137.63750639999995 3.874 3.424 -64.55734733793
556.5474199406001 158.53939199999985 3.688 3.376 -69.06038819385797
571.7383425406 182.69838419999996 3.033 3.562 -72.54890741364503
578.3752441406 43.938 2.75 3.125 0.0
560.4411319405999 175.0302676 3.771 3.178 33.48984457191713
379.99135124059995 179.12194170000004 29.538 38.809 34.01424487436278