360.0425140406 256.57313315939996 11.042 13.44 -97.02481297424575
397.35324804059996 213.2160120594001 12.139 14.053 -97.61395272327682
124.63176794060001 177.40585825940002 5.815 13.473 -94.45055831571786
65.25693654059998 183.4095974594 5.815 13.473 -94.45055831571786
75.75679174060004 156.81886425940002 5.815 12.731 -95.22140431982504
124.52839314059999 177.42684805940004 5.815 13.318 -95.21517734678262
204.7731010406 158.1195754594 5.495 12.699 -95.22088292730342
108.7823756406 123.17096305940001 5.495 12.161 -95.74479922860678
320.59512824060005 219.9876666594 13.917 12.499 -8.7775259388969
357.49433764059995 181.3349903594 28.284 25.111 -15.433017878308247
277.6662441406 147.7497558594 14.333 12.583 0.0
433.74230164060003 134.91993935940002 14.044 12.202 -15.44406373808168
358.05204534060005 177.1563775594 115.974 101.892 -15.88479461826711
126.2957564406 158.6093447594 105.774 46.07 -5.180941689397205
126.6243001406 154.47232105940003 25.53 11.244 -3.548814962071217
131.15308974059997 210.47228625940002 103.173 49.427 -5.623936900230894