140.0002441406 210.3327558594 30.0 28.667 0.0
557.9679822405999 202.81255295940002 29.668 30.428 -115.43501752197656
342.18478804060004 186.24070235940007 154.17 164.224 -122.254992777648
411.5632441406 366.37375585940003 12.438 12.376 0.0
272.6298424406 1.296838959400009 13.526 13.308 -92.24091528528666
155.21696634059998 113.75192575940001 13.376 13.528 -92.24091528528666
339.7345615406 181.9048820594 231.582 248.139 -121.85598283692521
325.1203893406 162.18762345940002 296.41 314.352 -121.85598283692521
259.1252441406 369.95775585940004 13.292 12.042 0.0
524.2912441406 261.1667558594 12.542 11.75 0.0
149.2502441406 363.2497558594 15.375 14.5 0.0
151.4372441406 268.8747558594 13.063 11.5 0.0
74.58166304060002 255.0239031594 15.812 14.51 -13.99872349931731
67.58317724060001 119.83700935939999 15.357 14.832 -6.096580638266024
431.9372441406 2.4997558594 13.063 12.625 0.0
535.1872441406 110.6247558594 12.438 12.625 0.0
585.0590064406 86.1498207594 15.182 15.25 -6.528747279266578
516.0422441406 333.1247558594 14.208 14.208 0.0