153.5 256.3 27.73 20.68 -28.19
290.5 136 23.63 16.96 -2.57
311.8 246.8 27.49 20.34 -4.524
237.3 157.1 24.47 17.22 -9.581
124.5 209 26.2 18.72 -27.91
213.9 225.8 26.77 20.04 -17.1
272.1 198.8 26.08 18.74 -6.001
206.3 119.5 23.18 15.42 -9.825
181.8 181.3 25.06 18.07 -19.55
257 100.6 22.65 15.3 -4.463
429.9 139.9 23.13 15.6 7.684
328.1 175.6 25.55 17.66 1.014
153.2 141.8 23.8 16.07 -19.22
341.6 118.2 22.99 15.66 3.194
389.4 103.8 22.36 14.06 7.858
250.8 276.8 28.35 21.81 -14.4
380.4 156.5 24.14 17.28 4.188
369.5 221.8 26.02 20.56 0.8821
475 180.2 24.37 16.89 13.01
306 84.44 21.88 13.88 1.12
98.9 166.7 24.65 16.76 -27.27
187.1 310.4 29.51 23.07 -28.8
187.1 302.9 13.74 5.802 -26.9
424.6 198.9 25.88 18.8 4.717
