201.7 202.4 97.38 86.44 89.76
215.9 228.8 16.05 13.38 75.62
181.3 366.6 13.69 11.75 48.13
153.9 346.3 13.24 11.29 59.96
143.3 172.2 14.75 11.8 85.6
137.8 212.1 14.68 11.96 79.08
251.4 237.9 16.71 14.47 67.44
184.8 270.9 15.21 12.85 68.4
222.2 267.5 16.1 13.4 66.2
194.6 203.7 15.66 13.2 79.35
222 187.5 16.42 14.09 75.43
185 335.6 14.13 12.18 69.17
258.1 194 16.74 14.5 74.8
189.5 169.2 16.11 13.45 81.47
165.3 198 15.22 12.72 78.53
168.1 142.6 15.24 12.69 89.48
204.7 134.5 15.84 13.49 86.77
239.8 153.4 16.27 14.23 82.47
199.4 202.7 91.2 79.84 85.68
180.4 231.9 12.94 12.72 1.61
221.9 347.9 14.22 12.61 53.04
