392.746259 105.080255 9.083964 7.629679 2.521438
390.116748 59.221855 9.093307 7.166946 -0.126270
264.938057 79.835524 8.338058 8.338058 -0.000000
696.032163 268.371063 10.573911 8.579574 6.483274
607.320562 467.593259 10.451110 9.009398 13.427040
216.856992 487.715623 10.428155 8.894287 8.035852
157.170404 112.366404 12.350837 10.568929 -11.336651
150.662666 242.725013 13.277663 11.468330 -8.135550
658.049821 507.319700 12.334575 10.270593 7.139440
416.853650 511.840946 10.872108 10.872108 -0.000000
102.750614 294.181137 9.235706 9.235706 -0.000000
420.876677 579.693138 11.648500 10.944933 -0.774332
