319.384976 227.299812 15.064548 15.064548 -0.000000
438.786648 236.955307 27.341436 26.760981 -64.303174
328.532270 83.543755 19.561827 17.674042 28.548147
162.139824 187.402799 5.401099 5.401099 -0.000000
176.691444 105.315244 5.800516 3.463693 -2.041824
210.333424 120.180664 5.012376 5.012376 -0.000000
412.771208 205.813522 6.619154 6.619154 -0.000000
438.313135 331.901351 27.564906 25.963825 -39.845415
343.569291 200.705902 5.176458 5.176458 -0.000000
156.583051 46.933816 4.824198 4.824198 -0.000000
305.171929 189.603578 5.765409 5.765409 -0.000000
111.059939 119.555317 5.116912 5.116912 -0.000000
107.770999 183.266060 5.276334 5.276334 -0.000000
432.020087 57.866269 19.917086 18.651152 46.602407
326.083497 122.349959 15.507999 15.507999 -0.000000
160.580384 34.631591 6.702045 3.305614 -1.077089
413.347569 90.833872 4.345441 4.345441 -0.000000
345.179923 52.694951 15.611031 14.779555 46.217277
60.718194 85.301740 4.907980 4.907980 -0.000000
56.207279 137.830474 5.052850 5.052850 -0.000000
112.986171 47.784545 4.965210 4.472707 -12.231176
