162.570166 370.892488 9.024279 9.024279 -0.000000
381.094368 362.325657 8.747599 8.747599 -0.000000
104.362740 318.594957 9.107997 9.107997 -0.000000
283.418130 387.293439 8.777047 8.777047 -0.000000
30.595368 210.822766 9.174766 9.174766 -0.000000
305.423198 48.298732 8.757492 8.757492 -0.000000
146.549113 30.076161 9.056989 9.056989 -0.000000
57.510218 256.233998 9.143216 9.143216 -0.000000
446.291143 268.496473 9.033778 9.033778 -0.000000
157.000149 442.473465 9.238985 9.238985 -0.000000
146.048027 161.377525 9.116922 9.116922 -0.000000
27.506682 241.603427 12.154502 12.154502 -0.000000
194.385244 291.506090 9.043981 9.043981 -0.000000
67.588185 356.898578 9.680107 8.803694 84.427920
267.166594 314.594913 9.001382 9.001382 -0.000000
398.382250 188.784584 8.710357 8.710357 -0.000000
314.617094 206.001744 8.912293 8.912293 -0.000000
238.339450 278.909487 8.427474 8.427474 -0.000000
409.223096 542.583548 8.661876 8.661876 -0.000000
393.479105 485.224494 9.047202 8.481751 -70.032371
268.401969 511.430812 9.249956 9.249956 -0.000000
512.605419 34.463723 8.230567 8.230567 -0.000000
470.666000 83.238784 8.153436 2.602857 -85.031607
30.451377 210.818682 11.773904 11.773904 -0.000000
