260.071298 187.354953 14.853323 11.988758 56.335069
62.760117 206.737047 15.416396 12.964584 -64.018897
215.460196 35.234673 10.404801 7.132959 16.263473
32.248133 116.056903 12.241182 9.538637 -39.703307
35.504723 161.398705 13.299845 13.299845 -0.000000
223.923065 226.298009 16.256010 13.612999 69.676037
267.353849 97.377897 11.550411 9.050902 34.454641
153.144171 118.635431 87.964897 80.975866 6.317836
110.269308 238.470966 16.578657 14.252214 -77.694359
273.668410 141.361969 12.938216 10.367361 44.215462
169.478484 245.941331 16.907087 14.326570 86.729286
153.056206 116.647005 82.408993 74.174147 8.537895
