260.530713 99.539612 7.354139 4.874818 1.735100
161.045906 397.714746 6.259521 6.259521 -0.000000
270.881916 235.168282 13.377474 10.891121 0.731864
465.328851 371.572541 5.003016 4.048957 32.580366
228.519716 116.585423 7.019114 5.199938 0.175976
141.718120 353.475958 5.074933 5.074933 -0.000000
245.024574 106.022087 6.765834 4.825906 3.887828
47.968596 270.849552 5.132345 3.564464 -21.295587
66.108125 143.169254 4.511327 3.085591 -21.219153
91.621139 282.549965 5.190296 3.581484 -20.678723
294.695721 160.790631 10.466093 9.987354 15.018208
