494.956103 371.323490 15.884828 14.329960 -13.350901
467.559086 595.794940 15.834442 15.834442 -0.000000
398.837804 474.006465 16.129634 16.129634 -0.000000
606.469588 566.774825 15.670788 15.670788 -0.000000
518.677182 487.419828 74.183560 74.183560 -0.000000
622.894821 428.972368 15.606065 15.606065 -0.000000
493.661873 846.110440 6.444959 6.444959 -0.000000
210.866130 740.989621 6.484426 6.484426 -0.000000
332.821255 784.674567 6.714039 6.714039 -0.000000
658.225892 756.585258 6.537214 5.667619 80.724527
324.438873 708.373583 6.528500 6.528500 -0.000000
788.095580 667.428879 7.033577 5.902916 -80.710733
859.352828 591.772979 6.445845 6.445845 -0.000000
272.233587 782.153348 6.513563 6.513563 -0.000000
509.920949 180.435379 6.658809 5.807075 66.864626
865.850780 523.245265 6.605522 6.605522 -0.000000
786.141327 613.474373 6.658957 6.658957 -0.000000
399.221829 151.350070 5.824397 5.824397 -0.000000
249.942961 218.898370 6.428760 6.428760 -0.000000
163.022069 283.410973 6.186153 6.186153 -0.000000
613.768720 160.694504 6.476316 6.476316 -0.000000
669.189313 153.394041 6.161125 6.161125 -0.000000
752.924198 723.469551 6.388115 6.388115 -0.000000
509.119930 97.123771 6.087989 6.087989 -0.000000
865.204479 653.839408 6.971164 5.535975 -84.903569
825.424987 414.137958 6.790244 6.790244 -0.000000
678.314580 709.220453 6.901002 5.771799 86.234424
869.148826 353.643852 6.509601 6.509601 -0.000000
330.854958 118.487871 6.330948 6.330948 -0.000000
894.860545 420.624304 6.490643 6.490643 -0.000000
840.366573 473.146581 6.758259 6.758259 -0.000000
787.008054 381.588601 6.891484 6.891484 -0.000000
780.886769 268.427663 6.590867 6.590867 -0.000000
