113.145825 381.097391 48.590800 40.588959 -22.061658
336.719745 92.747665 38.234615 27.348574 1.295262
88.409010 292.294642 13.291524 10.818975 -26.005035
112.220747 383.658295 79.599174 64.859483 -19.518816
146.996009 287.123310 13.340662 11.059647 -17.913763
231.612212 347.395575 15.693252 12.931442 -6.857764
251.924255 67.131720 11.008474 7.863507 -6.350713
447.188567 355.516444 50.970296 41.880900 8.253580
325.624370 393.411114 14.440164 14.440164 -0.000000
252.365457 135.598559 11.705426 9.173407 -6.845572
350.571982 292.673403 13.978927 11.714790 2.743214
106.324527 123.075084 11.304962 8.441670 -17.563815
205.059424 456.185033 15.782534 14.850625 -7.900395
235.969142 401.839973 15.337660 13.757185 -5.094382
401.069432 265.131789 14.112756 11.523636 7.036297
322.454126 338.634468 14.601696 12.586381 0.797758
153.133388 107.236687 10.964307 7.911233 -13.330291
190.029590 49.082165 10.217491 7.406143 -10.573019
285.409320 42.609407 10.892875 7.435258 -7.752980
