403.653531 195.129588 54.364980 54.364980 -0.000000
465.823147 93.996343 6.198946 4.152991 4.161649
149.355941 185.040523 11.446817 11.446817 -0.000000
338.333970 210.053056 6.186044 4.180828 5.922145
217.833127 230.039812 14.515269 14.515269 -0.000000
150.787026 232.137873 8.247380 8.247380 -0.000000
77.792873 139.136878 24.925236 24.925236 -0.000000
75.675191 72.495358 21.453491 21.453491 -0.000000
217.290521 231.045391 10.940717 9.620963 -0.451032
112.879620 119.752483 5.906023 4.253785 8.691785
