511.059017 226.622606 25.301852 24.805981 -68.371576
487.309706 172.355986 12.468596 12.468596 -0.000000
495.551127 68.096900 12.997657 12.997657 -0.000000
455.469735 225.328794 25.553314 23.710614 -57.366584
490.254162 135.306824 18.303759 17.140414 -25.429298
476.637843 282.067631 14.482314 13.478102 -82.691783
721.725016 168.864427 14.766768 13.762448 28.361149
520.393241 156.920017 10.503948 10.503948 -0.000000
475.146572 327.273582 22.328034 20.080236 -76.727152
511.861658 301.634875 12.346211 11.474306 -79.310390
725.624209 234.257416 17.256043 15.323848 66.682982
133.412585 183.903932 44.049610 33.013413 -42.212672
602.572246 71.061341 10.240140 9.397402 -84.437421
387.337217 67.743469 10.533739 9.646375 -77.096535
251.244132 218.747823 16.949077 13.860903 -52.884445
210.965545 408.420432 18.400513 14.394566 -66.909338
738.472087 432.955542 19.823465 16.239567 79.348693
503.436779 319.453949 3.683385 3.683385 -0.000000
