216.830632 30.414979 18.265049 12.642532 4.033662
96.975469 30.342257 6.596834 4.512894 -3.299358
20.224518 159.150279 9.315002 7.701624 -7.752143
246.628571 65.447666 6.641624 4.665519 5.753367
88.503639 159.465094 6.524129 5.266645 -9.576262
11.448939 107.831624 9.115640 6.904444 -7.640185
248.242789 122.787095 20.367005 15.359833 8.814426
166.482430 156.422154 6.614937 5.272992 -0.403431
281.055452 119.636604 6.300220 6.300220 -0.000000
30.994335 20.742293 4.631937 4.631937 -0.000000
126.971828 126.752250 6.407496 4.849667 0.450506
265.762592 168.212303 7.059220 5.617460 9.468039
