93.291787 155.636209 62.623216 53.514583 -25.517778
270.856607 138.021222 9.238234 8.283829 -27.430120
167.907972 202.064578 10.116871 8.825019 -0.328041
692.243142 496.268070 10.704588 8.775168 85.522566
143.079716 497.273708 10.937013 9.578595 -74.169847
204.854803 218.609431 9.956320 8.317099 -35.597681
395.377215 80.114020 9.077850 8.223557 -8.243066
22.349530 105.071282 9.238474 7.382792 -24.419923
632.008528 71.477133 9.115852 7.892945 24.942984
736.128491 167.115504 9.601811 7.900672 47.173412
483.544840 436.795972 67.968128 65.724299 75.291845
656.862750 250.717939 9.928034 9.928034 -0.000000
32.491652 228.597568 9.667561 7.989207 -40.902831
499.364869 186.836428 62.552133 51.763949 13.653502
598.401443 208.245102 9.437051 9.437051 -0.000000
347.105297 217.773980 9.899467 9.899467 -0.000000
467.428856 266.568740 9.512162 9.512162 -0.000000
488.723528 22.882883 9.054319 8.150387 15.619199
383.258126 396.281864 10.889867 9.564246 -75.598968
345.718190 357.927384 10.544443 9.515146 -67.361908
215.492089 26.753158 8.987698 6.971649 -18.030553
