181.037496 638.357784 20.677903 14.456676 63.102495
225.026578 566.845179 21.546743 14.938092 61.941957
767.470389 343.479284 29.034124 25.798321 75.035143
16.222999 78.387623 13.025052 11.311616 36.549490
119.268125 672.701586 20.004976 13.775845 64.218058
960.028999 226.537084 18.062220 18.062220 -0.000000
298.443997 116.970618 14.647207 12.439973 29.415303
565.467517 52.132580 6.634411 6.634411 -0.000000
115.807193 187.392585 19.609051 19.609051 -0.000000
423.531553 65.582955 8.994706 7.078393 9.951007
635.545965 43.188201 6.723374 6.723374 -0.000000
321.558331 258.764876 4.187719 4.187719 -0.000000
371.274913 42.639718 7.744281 6.008712 -23.988502
378.160829 60.541173 8.548578 6.485198 -5.634894
65.564295 90.514112 13.029831 11.154969 20.216914
164.073676 47.079405 7.708834 7.708834 -0.000000
424.849564 128.123714 15.314167 12.907999 14.743975
158.016688 91.780594 9.703292 6.889797 9.193949
516.033548 83.435844 3.991287 3.991287 -0.000000
529.767405 81.404381 3.984906 3.984906 -0.000000
521.179263 22.204398 5.820374 5.820374 -0.000000
