69.5156 105.8557 27.6410 26.6803 85.9290
288.9662 106.8742 28.6198 28.4187 76.7913
288.3258 107.0665 20.7312 19.9014 -10.8221
71.1119 106.6023 19.8481 18.6954 -10.2279
287.8909 168.8933 20.9021 19.9402 6.4691
288.8656 168.5434 29.3819 29.1633 -27.0925
70.6443 166.6791 19.4931 18.6524 -17.1699
68.0149 166.4009 28.2576 27.8818 126.1847
173.1639 140.6185 15.5663 15.3050 31.8965
173.1271 140.4879 10.5274 9.6113 15.9459
288.1808 106.6092 10.6968 10.5694 10.9182
323.1138 138.5908 10.8141 9.7198 -14.9392
287.8023 168.2996 13.9180 13.0554 0.0941