152.3782 141.4730 23.4784 16.8608 -18.5645
311.1098 245.7029 27.7378 21.0524 -9.7068
179.9585 180.0999 25.6920 18.6685 -14.0525
250.3298 275.3962 28.9614 22.2208 -19.9458
236.7263 155.5034 24.9166 17.9453 -15.0602
380.3780 154.3668 24.6213 18.5549 -3.1429
152.4608 255.4309 27.7714 20.7827 -28.6807
185.9776 309.4504 29.5864 23.1456 -28.7942
271.2986 197.9646 26.1366 19.3015 -9.7520
327.7859 174.1943 25.8344 19.5692 -10.0711
389.6544 101.6146 23.0356 15.3628 0.9173
306.1524 82.0873 22.6217 15.0047 -6.1376
205.1770 118.5042 22.9871 16.0140 -12.7818
256.7340 98.6055 23.1066 15.7882 -11.1201
97.8762 166.0348 24.4551 17.3674 -27.6314
123.5204 208.1526 26.0281 19.0944 -27.8200
341.2761 116.5342 23.4922 16.4213 -2.5472
213.6011 224.2048 27.7230 20.3105 -21.9842
369.1040 219.8046 26.7569 20.1401 -2.5563
474.1081 179.2146 24.7274 17.1841 9.3302
424.0129 197.5094 26.0633 19.3808 1.7647
351.3642 70.0058 21.7341 13.1604 5.3581
290.1577 134.1216 24.1829 17.9287 -10.3948
429.1552 139.1244 23.2641 15.5609 6.0264
185.6789 302.2884 18.1716 9.7768 -27.7366