531.9626 210.0857 30.0055 17.5523 11.6825
102.1573 260.3530 30.8863 19.8212 -10.8743
200.9208 325.1951 35.7349 24.0723 -9.2707
123.9922 206.7188 29.9185 17.5439 -10.9332
237.2313 160.8593 27.1747 14.7470 -7.3432
565.5752 327.5870 34.7301 23.9096 13.9795
79.1602 320.7978 35.6208 23.5128 -14.6267
227.1126 206.7204 26.4180 15.8051 -6.4223
142.3135 160.9072 27.4402 15.4954 -11.3651
214.4144 260.4558 24.4565 15.5024 -8.9249
377.8468 201.6333 22.2520 13.1214 0.9128
380.2466 268.4894 25.1595 16.3408 3.6303
548.9022 264.1776 26.4009 18.8655 13.4609
517.5090 165.1263 27.1087 14.2256 7.7765