118.8514 161.2822 80.9447 79.2623 -18.6911
117.2250 108.3179 21.3502 21.0405 -3.2490
160.6155 125.2832 18.8925 18.4655 30.3793
118.9268 161.4094 24.0723 23.1581 -3.5595
75.7127 129.2479 19.9875 19.7544 0.2502
118.9598 161.6136 84.7806 83.0349 -20.8222
178.3694 160.1892 15.5505 14.8652 40.2330
61.9640 167.9458 16.9157 16.4667 102.9475
73.1928 200.0453 13.0299 12.5324 99.1527
165.5678 194.8939 15.6658 14.9248 60.5812
315.2044 122.7245 14.7178 12.8934 49.4390
102.1289 219.1600 14.0036 13.6127 92.6075
138.3028 216.9736 12.7296 12.4892 36.0518