201.1038 201.6324 97.3449 87.2806 87.8684
164.0138 196.8686 15.0761 12.2441 81.1896
194.2788 386.0593 83.4526 67.1860 42.4752
152.0446 248.4775 14.6149 11.8519 72.1611
142.3204 171.3309 14.4998 11.5721 89.4443
257.1005 193.0270 16.6242 14.1308 75.2574
203.4388 133.4183 15.5147 13.3980 88.4181
179.8929 232.9223 15.2218 12.5360 70.0613
166.9137 141.6717 14.8471 12.3149 90.9835
183.5613 269.9086 15.0361 12.1978 67.4533
188.3541 168.1674 15.4744 13.1997 80.5736
221.1554 266.4533 15.7619 13.0858 64.5711
152.7319 345.3416 12.7622 11.0778 66.2731
220.9809 186.5518 16.2555 13.6757 73.0080
184.0450 334.5619 13.7243 12.0860 72.2960
136.8911 211.0670 14.3972 11.5195 79.8394
250.3974 236.8699 16.5871 13.9150 69.4368
180.2163 365.9641 13.5063 11.4323 48.0520
215.0848 228.0253 15.7030 13.4076 73.0026
238.6711 152.3595 16.2213 13.8813 81.2442