261.1839 115.5074 140.8187 61.8454 40.8765
261.1782 115.5355 125.6392 56.6200 40.8585
261.1537 115.5923 120.2767 52.5620 40.9027
130.2987 258.0649 140.4069 62.2587 40.7834
194.2768 185.9779 140.6072 61.7796 40.8765
261.3824 115.3097 93.0388 43.5799 40.8460
130.4429 257.8525 125.3348 57.0236 40.8227
261.0467 116.2156 61.3603 55.3022 40.8803
194.5029 185.7361 125.0699 57.4651 40.7984
130.3264 258.8031 61.4152 55.9930 45.0610
194.3280 186.8229 61.3732 56.1539 45.2535
218.1019 211.5459 85.5597 45.4774 36.0034
161.0238 292.0144 75.3382 42.3692 31.7461