403.3378 315.1687 95.1190 74.3607 -0.0700
666.5156 365.9558 13.6952 11.9312 24.8524
150.9988 243.2964 12.9512 10.9917 -11.9202
143.5173 390.5786 13.8437 12.3994 -12.7247
157.5965 113.0519 11.9244 9.9003 -11.7160
642.8927 223.7237 12.4749 10.8655 19.8577
421.1717 580.3438 11.1648 10.3975 4.2749
393.2427 105.8094 8.5847 7.0126 4.0956
693.8715 527.3713 15.0317 13.3237 44.5048
417.2388 512.3900 10.6660 9.9461 7.3656
264.9154 596.5971 11.1577 10.5637 -1.7318
220.2604 312.7146 9.0597 7.8973 8.4967
403.7345 297.8084 105.9400 95.3334 0.9264
584.3304 296.6061 8.8531 7.6244 11.1633
696.2475 268.9325 9.8803 8.0928 11.5176
622.0997 97.0833 11.6548 9.5011 18.1804
265.3769 80.4461 8.4432 6.7261 -3.4046
134.4548 558.2214 15.4487 13.8761 -20.2302
625.3962 294.7433 10.8435 8.2349 -0.4050
216.9273 488.5554 10.0982 8.6544 2.3643
223.2958 159.0354 8.4251 7.0711 -1.4193
607.7710 468.3172 10.0094 8.6243 15.0442
658.8056 508.0150 12.0507 9.8439 3.6315
82.5113 595.5241 11.7139 10.3320 123.0547
169.2238 534.7272 12.1745 9.8969 2.3951
573.7830 578.4741 10.7026 10.2033 22.6971
103.1462 294.4993 9.2924 8.3318 -44.2510
564.1848 146.3356 8.5167 6.5312 7.5533
390.5022 59.7652 8.5971 6.4571 1.6561
514.4678 72.3724 8.3489 6.4838 5.8157
178.2403 314.4080 10.7154 8.4423 3.4701
750.7350 557.1759 11.3291 10.5290 28.1198
119.7333 55.3697 7.5157 6.6801 -12.2898
185.3432 128.7067 9.5303 7.1198 -4.4672
598.2042 113.8619 9.6329 6.8398 -3.5943