452.3684 149.9165 19.2350 18.5093 61.8997
438.6510 332.3479 27.3658 25.7822 -43.7609
432.3009 58.4940 19.8284 18.2785 37.9642
439.1198 237.4162 27.1298 26.5615 104.4914
319.5742 301.9741 19.6585 17.3663 -17.8108
345.6350 53.2365 15.3856 14.3000 39.1895
321.8453 228.4858 20.1025 18.8276 -14.4424
326.4106 123.0158 15.4730 14.9616 37.8810
330.7154 266.1046 15.0678 14.0525 -13.8533
328.8723 84.3129 19.4416 17.4949 28.6201
324.9214 161.9442 20.1020 18.7980 0.2084
324.4213 161.6965 14.9623 13.0958 57.8327
320.0628 227.3373 15.5012 14.9005 119.2172
129.0757 282.7023 11.5712 10.8496 17.3683
52.4031 345.2066 18.2124 14.7650 10.0818
319.7682 39.1265 8.4548 7.7676 38.1373
319.8486 227.2803 11.8885 10.4481 119.3628
413.5171 206.4906 6.6069 5.7178 4.5318
316.6906 349.2005 14.6981 11.9362 -8.7493
319.4010 163.9004 9.8221 9.1044 -30.8154
483.8558 257.3025 6.8359 5.9084 12.6515