28.0808 242.2317 12.1273 11.8889 57.9959
494.7320 405.7550 41.1816 38.7959 101.9316
320.7467 121.2293 16.8380 16.2244 99.8121
268.7734 512.0902 9.0555 8.8008 120.0349
283.8757 387.7251 8.4830 8.1160 109.6499
390.1394 309.9806 8.2999 8.2275 58.1597
393.9822 485.7066 8.6178 8.0250 112.8983
502.4497 169.6263 8.6280 8.2946 54.6913
503.3818 304.4624 8.5157 7.7742 88.4324
306.0064 48.8650 8.0976 8.0131 71.3365
446.8478 269.0540 9.0116 8.2062 102.2437
31.1382 211.4737 8.7455 8.5758 100.1523
169.5601 541.9569 9.0777 8.3427 126.2253
183.7651 408.6173 15.2255 13.4565 63.5249
157.3521 442.8107 8.8159 8.5092 126.4974
302.9533 235.2377 14.7535 13.5202 18.8195
500.1704 464.0068 9.1297 7.9278 98.3493
303.6660 235.5512 9.3237 8.5237 15.2394
398.9960 189.3115 8.2896 8.0308 101.3002
30.9097 47.5214 10.6476 10.0512 118.0808
315.2081 206.5086 8.4287 8.3369 78.3567
496.9278 519.9616 8.2256 8.0173 126.0568
381.4773 362.9798 8.2848 7.9316 95.7223
409.6522 543.0226 8.2591 8.0090 129.7403
215.1625 356.0922 13.7888 13.2922 2.8357
328.5608 519.9829 8.8648 7.9647 -28.6490
267.5987 315.0717 8.5336 8.2692 -25.1500
147.0231 30.6764 8.5130 8.3959 41.7599
163.0094 371.4706 8.6496 8.4802 94.5928
396.3654 241.7218 11.8004 10.5590 3.7805
146.4618 162.0815 8.6565 8.5561 85.7559
513.1487 35.1469 8.1584 7.4189 68.1909
140.7056 76.1402 11.0959 8.2497 111.6082
67.9111 357.7201 9.3597 8.3648 77.9181
104.8046 318.8845 8.7806 8.2790 -35.4946
194.7282 292.1130 8.5868 8.2251 108.2396
58.0138 256.7995 8.8329 8.5246 117.1702
9.5340 19.6130 7.4479 6.4462 96.3389
419.7596 30.3256 8.4109 7.7740 69.5539