153.0673 143.1782 144.3058 137.2785 15.1916
153.8897 116.8811 80.2006 73.7642 14.7938
153.4444 119.6461 89.6280 81.7274 0.1301
260.5474 188.1157 14.5736 11.6726 57.0762
153.5322 113.1324 68.6498 63.5729 5.3769
224.4343 227.0321 15.9240 13.2748 72.6317
36.7536 162.4795 13.4959 11.3675 130.4752
170.0859 246.6225 16.5519 13.9961 89.5876
111.0911 239.2582 16.4065 13.5506 104.2887
274.2311 142.1064 12.0342 10.1255 49.6986
267.8995 98.1638 10.6604 8.7760 35.8769
246.5364 61.9093 10.1163 7.4834 27.4112
46.3517 76.8578 10.4082 7.4688 -29.6051
32.7883 116.8352 11.9714 8.9867 -36.1924
63.6674 207.7190 15.2655 11.9069 117.7243
215.7435 35.9280 9.9645 6.8114 17.2482