375.5494 411.8111 28.5468 24.5000 5.0160
263.9266 417.2074 28.9904 24.8049 -3.9458
161.1864 385.3494 28.3675 23.9732 -12.6393
88.0633 324.7804 27.7539 21.9031 -14.5427
304.2858 208.1977 134.2003 101.8923 0.4829
55.5358 250.4836 26.5486 19.7576 -13.8265
471.2397 370.8285 27.6160 23.0064 13.1966
302.4588 237.6753 290.8650 224.1916 0.9729
105.1573 112.7992 23.8686 16.3996 -8.1723
63.6208 176.1656 25.2759 17.8484 -11.3860
553.9233 229.7644 25.5322 18.9546 15.8778
170.6808 67.1760 22.6789 15.2863 -4.7093
533.5939 304.9190 26.4992 21.1502 17.1534
304.0089 211.4700 166.4886 124.4221 -1.0534
250.7582 42.2844 21.7169 14.5701 -1.2102
304.9468 213.4245 174.9819 134.1059 1.0134
335.7612 39.3069 21.5159 14.2717 3.5668
536.1066 158.1303 23.8977 16.4140 13.1678
487.5128 99.4671 22.5762 15.2589 10.2471
417.2725 58.8212 21.5859 14.4425 7.0233
298.7477 268.7504 288.0467 250.1232 4.6114