312.0538 35.4490 81.1901 30.2603 2.7869
275.6459 338.1981 245.3627 158.9758 1.8544
477.4588 324.4347 20.9885 13.2260 12.1721
84.1629 282.5629 20.6614 12.3432 -7.9807
285.2293 259.5595 125.9224 72.6569 1.6352
244.3119 456.0786 24.4180 21.1223 -0.6250
417.4911 422.4479 23.9354 17.6284 10.8967
303.9516 102.0105 168.2356 74.8011 2.8437
95.9135 386.2631 20.9630 15.7809 -14.3190
292.6148 159.7766 15.1977 7.7153 3.8046
443.8557 100.9971 13.4879 5.9329 6.7868
419.1076 237.8884 17.9380 10.4937 6.0151
167.6711 80.7476 13.3044 5.9646 -1.1524
404.1554 145.6923 14.9777 7.2381 6.7652
190.3008 129.5260 14.8643 6.9525 -1.2993
527.9153 113.9953 10.4186 4.7977 12.1881
92.3244 97.5862 6.7514 3.6487 -2.2347
475.5889 35.0153 9.5944 3.5037 11.4667