468.0941 596.4530 15.5455 15.3484 101.6313
519.2254 487.9509 74.3922 73.7495 5.2789
399.2718 474.6876 15.6498 15.4789 96.8803
518.5993 488.3746 161.8817 158.4922 -10.7200
504.5048 480.6163 438.9365 432.7785 -6.4189
495.4644 371.9234 15.4672 14.0808 -15.9615
606.9290 567.4954 15.2313 15.1239 40.3597
623.4931 429.7089 15.1086 15.0204 68.2553
505.9689 473.9963 263.2914 259.8840 -14.1115
518.0469 486.8943 82.2060 81.1540 -28.1965
841.0673 473.5317 6.4823 5.0089 102.8787
825.9778 414.7403 6.2076 5.0131 99.6488
866.5952 523.6901 6.4479 4.7247 94.7378
788.9867 667.8558 6.0804 4.8873 97.5011
895.5100 421.1847 6.2015 4.6799 99.1557
799.0607 557.7376 6.6700 5.2533 98.9763
860.4356 592.1815 6.1110 4.7966 97.5954
869.9030 354.1677 6.0976 4.9541 91.5308
787.2822 613.9010 6.1727 4.8247 93.7404