43.6108 181.1809 15.4769 14.8767 -20.0268
98.6584 252.8521 15.8348 15.2315 133.9710
263.3689 206.3017 15.8829 14.8344 24.7319
127.3052 41.9088 14.6481 13.9618 0.1553
214.7116 51.5836 14.7791 13.8104 0.2906
271.5448 118.4373 15.1331 14.3255 10.8588
158.4066 151.5095 87.3409 84.9248 -1.2161
191.3931 263.4232 15.9427 15.4299 52.5655
57.0250 94.0598 14.9229 14.0484 5.2327
159.7376 165.4230 54.0400 52.5865 -10.3763
157.6289 152.8154 152.9352 145.9903 -8.8163
159.1708 161.8403 51.9952 47.7276 73.0459
149.0904 76.6286 24.3101 20.1775 79.2430
159.4761 165.2187 34.1448 33.4135 -1.6036
101.9366 102.0904 21.1838 19.9149 40.0172
202.5842 88.5724 23.1104 18.5874 111.1846