337.1981 93.3695 38.0474 26.8545 0.4596
100.3205 59.1795 34.9897 22.3493 -11.1786
447.6209 356.1136 50.7829 41.9104 7.7323
113.0247 384.0552 79.7878 64.8414 -20.5505
336.1411 98.0777 65.1672 45.6983 -0.3016
98.9109 63.6686 60.8591 37.5476 -10.5729
326.0757 394.2202 14.6588 13.1887 6.4180
236.3636 402.4376 14.8242 13.4721 -6.6872
113.2347 384.5099 87.6313 72.5424 -21.6714
113.0947 381.6960 49.0955 40.3017 -19.8938
336.0587 98.3214 72.4227 51.6333 -0.6023
401.4399 265.5079 13.6069 11.0939 7.8812
395.1106 158.0434 12.0733 9.0691 0.4325
322.8867 339.2702 14.1390 12.2551 4.0213
205.3594 456.6512 15.4537 14.4414 -8.7116
232.8392 348.0866 14.0753 12.5348 -6.5407
462.5553 261.4848 14.0515 11.2475 8.6270
428.2831 129.0140 11.7063 8.8990 7.6219
335.4970 121.9230 121.1917 103.3504 3.9280
350.9797 293.2171 13.5522 11.3262 3.8655
447.9620 363.1524 87.2852 71.7436 6.3261
199.8270 307.0636 13.4308 11.2329 -7.1084
239.4170 101.2221 10.7469 8.0097 -10.3461
427.3279 473.1538 16.8176 14.1044 16.6057
146.1385 493.1118 15.4479 14.3889 -9.7841
147.4631 287.6286 13.0505 10.4526 -13.3962
112.4992 386.6206 99.0558 80.7352 -20.6000
5.5451 248.9926 13.4625 9.7831 -14.3853
100.2616 89.3317 114.1167 87.3653 -3.7350
291.3381 161.2566 12.2733 10.0020 -13.3267
435.4037 93.2278 11.4982 8.0638 5.9166
337.4952 96.4519 60.6627 40.7369 -1.2843
252.7173 136.2569 11.0349 8.8441 -3.2319
112.6972 72.6858 102.2690 65.4972 -17.2861
343.6955 170.6918 12.2421 9.2123 2.3151
102.2679 64.3791 72.8319 40.7172 -11.8333
497.8263 469.2237 15.3379 13.9124 30.2271
252.3319 67.9303 10.5850 7.1819 -7.2925
101.9989 60.1518 59.0540 34.5211 -13.6127
378.8900 39.4529 10.4251 7.6779 1.9252
88.7075 293.0957 12.7948 10.2423 -19.4874
0.0499 367.6690 13.6499 11.3127 -22.0497
363.3474 444.4032 15.9468 13.7952 19.5622
21.5307 469.4646 17.1948 13.3225 128.7775
35.8037 321.4597 12.9606 10.4854 -24.4158
331.5727 33.1506 10.1298 7.9791 -1.5800
285.7137 43.4874 10.4460 6.7565 -5.3748
153.6565 107.8462 10.3420 7.4715 -12.4932
22.6805 47.0727 9.1501 7.0979 -8.5943
190.2640 49.4273 9.9849 6.6630 -9.0511
183.9995 80.4402 10.3071 7.4933 -10.6751
23.2482 104.9025 9.5651 6.9746 -14.9563
53.9728 23.2632 9.0601 5.6411 -11.1801
11.0351 77.3763 8.9729 6.4941 -0.9181