370.5846 388.9300 127.0413 126.6930 10.0766
340.5223 617.0186 24.4287 22.2471 -9.5671
186.3969 528.3903 23.1315 20.5299 64.1314
138.4292 354.2848 28.5841 27.9356 -30.6037
401.2105 157.3205 25.0726 23.8446 26.6277
549.1655 252.4993 21.2392 15.6904 41.1387
596.1474 417.8867 21.7683 17.5313 79.8383
510.6404 570.2541 23.2235 19.5402 125.7769
230.1140 202.9371 26.8918 25.3504 91.0930
368.0852 392.3726 290.4578 288.9511 17.7825
356.5034 380.2377 188.0212 185.8487 119.1452
180.3457 528.8523 28.5214 26.0905 89.6783
389.6941 390.2562 152.5091 150.9010 72.5801
371.6756 385.8694 158.3117 157.1148 -40.6167
144.1921 356.2482 22.7162 17.0117 115.2049
600.9154 417.3590 27.8972 26.6627 102.6150
370.4511 392.1000 287.8252 287.5775 51.7570
372.3194 386.3271 153.5097 151.4664 -44.1153
234.1079 208.3366 21.0848 15.4145 -24.5256
553.2572 246.6107 26.0006 25.1453 78.5153