166.7267 328.7336 21.5094 21.1927 71.8133
303.6140 297.1434 21.1660 19.9968 103.6500
342.2719 166.5232 20.2955 18.3157 52.2023
244.2312 344.9129 16.2899 14.8571 -42.9644
72.9001 224.3608 20.8106 19.0113 113.0225
250.7460 68.7512 19.4770 16.4502 14.8414
118.4431 95.3601 19.7669 17.0884 -23.5952
89.6107 296.0012 15.9644 12.9438 85.9656
209.2168 186.0054 11.8167 11.4046 116.4388
55.3469 137.0392 18.0055 16.3597 35.4475
361.7063 234.3573 16.2334 14.3952 125.2005
177.3202 42.4286 14.0046 9.8128 -3.0907