316.0120 311.4225 136.9979 123.7663 -44.3888
306.9959 306.0920 279.8838 255.7621 128.6317
456.1033 216.9664 28.5411 26.6456 108.1780
163.3350 244.2850 23.5900 21.0888 114.6522
318.9871 476.7025 28.1974 25.6871 124.6263
163.9165 240.1045 13.0835 12.2772 6.7846
514.4502 235.8756 15.1303 13.7068 43.7181
173.6095 478.9750 22.7064 21.6154 35.1330
448.8763 211.8671 13.4654 11.4242 120.8554
295.7417 295.9261 128.5501 115.7505 133.2042
372.9902 503.9310 22.1968 18.5373 -31.7101
451.0024 214.8276 21.3479 19.5689 103.8357
398.8518 443.7822 18.9694 18.1380 -27.9735
460.5342 148.7812 23.6692 20.2677 101.6612
237.1342 464.8713 19.4905 19.0921 112.7201
226.6366 174.4560 16.3807 12.3775 125.1825
460.4424 147.4495 15.9235 15.3888 133.5889
110.6429 393.3392 19.4031 17.7840 -35.4925
247.4111 104.1265 11.1096 5.0368 123.8336
511.4602 345.0799 21.6697 17.8896 110.9171
394.6287 439.3604 13.0841 7.6992 -44.8845
143.9799 326.3652 17.4417 8.4513 -44.3979
477.4733 296.0043 19.0706 17.7780 -33.7546
367.2323 103.3867 22.7324 20.1289 75.4430
398.8738 160.5578 19.5203 17.5901 120.7433
229.5463 175.8390 20.4344 20.1411 20.6464
151.2470 169.2522 11.9781 6.3879 133.5891