183.0717 125.5228 114.7662 105.7705 -43.8751
128.8999 332.3293 104.7352 78.9503 -3.5627
353.5930 293.8526 120.1092 85.7600 8.0990
184.5496 126.6290 49.2056 34.3175 -44.5481
353.4047 290.3212 67.0027 34.6365 7.6392
128.9497 328.4638 39.5174 19.9874 -3.2977
307.9229 328.5941 10.3028 6.6690 3.0544
127.3034 130.8848 7.9554 6.8789 -26.3839
254.1170 105.5389 7.8784 6.0541 -33.5526
113.7963 359.4178 8.9364 5.5884 -6.4839
143.0467 97.7007 8.0289 6.7750 -23.8786
237.1293 79.8761 7.8597 6.3579 -34.3888
211.3978 189.8312 7.8031 5.5010 -26.5283
179.1006 197.8855 7.9414 5.3878 -27.1043