290.4532 199.3878 35.6943 35.3288 -8.4681
402.7446 83.9969 47.2344 45.6941 4.2612
404.2177 195.8725 55.2900 53.8205 2.5431
287.3224 87.3784 41.3461 40.6155 2.5249
75.8823 73.2976 21.3665 20.5802 52.0369
79.0818 139.2208 25.7503 24.5151 -31.5878
218.2105 230.9770 14.6047 14.4053 93.1397
149.7806 185.6866 11.1417 10.8369 -38.7307
78.6774 217.9511 29.3361 28.3155 124.8233
150.2314 129.0576 14.8435 14.2809 43.1608
215.3245 113.7250 21.8279 19.2170 -25.6508
217.8990 231.7530 9.2558 8.6165 15.7330
149.5887 69.8299 17.8978 17.1004 90.5924