635.1237 118.3177 26.4904 24.4634 19.6300
134.2228 185.1212 44.3001 31.6881 -40.6678
722.2013 169.5630 14.3915 13.2701 33.4754
511.3915 227.2027 25.0816 24.3822 100.1398
475.7943 327.9197 22.0721 19.6125 104.0663
456.1947 225.9225 25.3394 23.0536 118.7085
236.8402 284.8305 15.6696 12.7913 125.1968
636.1121 223.8400 29.2382 27.7761 38.5396
589.7570 229.8995 19.4153 18.6309 89.2316
850.7621 209.0411 42.8173 37.0706 40.2797
490.8778 135.9403 17.7863 16.7961 -37.7677
487.8581 173.1262 12.1713 11.6268 130.9890
477.1874 282.7809 14.0226 12.9383 98.9609
520.6521 157.5211 10.0897 9.7142 110.0561
739.3756 433.6246 19.1014 16.3988 81.9059
726.2153 235.1907 16.5407 14.8740 56.8815
315.6155 214.5006 17.6788 15.2009 -37.8936
333.2770 112.8425 16.8088 13.7672 -33.0463
379.9448 223.6743 19.5834 16.9924 104.6353
251.9167 219.5415 16.2604 13.2312 126.2902
468.7688 420.6497 18.7525 15.5265 100.8245
511.5761 302.2335 12.1423 10.2312 94.2486
820.1505 488.0754 28.2839 22.8232 55.5890
496.1450 69.0382 12.4382 12.0167 -37.1704
715.1762 73.5106 12.7807 11.8035 32.1907
211.5443 409.0796 17.9305 13.7449 111.1701
284.7743 66.8134 12.5400 10.5140 -42.0334