193.0807 89.3328 36.0339 29.5072 -5.5542
404.7946 84.5841 35.2687 29.2023 -1.7957
391.6186 258.4869 94.7871 82.9155 -3.0620
463.0976 412.2188 64.7105 58.5762 -0.1609
632.6977 260.7552 41.0988 34.6291 8.8752
129.9309 422.9146 50.8566 44.3647 -16.4416
763.1560 260.3698 69.0801 59.6471 9.8915
291.3199 406.7816 79.3301 71.2444 -9.2014
393.9002 301.1262 68.0446 35.0179 -3.0544
666.7638 87.8462 72.9848 59.1986 -0.0660
881.8489 97.1990 87.8737 73.1532 9.5296
187.5415 263.4056 86.5660 73.3273 -7.6648
193.9575 307.9131 57.2429 26.3119 -10.4096
296.2232 446.0760 53.5673 26.7312 -7.0972
463.5865 451.0659 36.2051 14.8643 -0.7046
883.0557 93.3594 81.6821 67.4294 9.4326
894.9684 400.7339 54.3861 47.7871 7.0284