249.0488 299.5392 129.6189 79.1011 -1.8102
249.6364 311.6362 247.7019 150.7644 -1.7163
249.5230 170.3090 245.0987 167.6738 -1.8821
249.3193 164.0010 122.6783 68.2905 -1.8984
250.7455 343.1380 244.0011 153.6249 -1.7526
349.9822 420.1591 17.3832 10.8277 1.6168
432.5350 237.8982 14.9821 8.1411 2.2850
313.4339 182.7284 13.6891 7.3947 -1.7646
49.6547 357.0680 16.4787 9.0296 -7.9021
164.7256 190.3711 13.9036 7.3049 -3.6963
41.7685 130.4310 15.3065 8.3043 -5.7628
123.7111 49.2076 14.3399 7.6271 -5.4308
55.4469 257.9002 15.1778 7.9325 -4.4195
171.2589 429.8034 17.2549 10.8706 -3.9961
460.1607 145.2091 15.6208 8.5832 0.8221