276.3840 199.1133 119.5560 63.5514 103.5180
278.1578 199.0399 194.7070 115.3448 103.2554
201.6993 330.2922 12.0805 7.1675 112.0221
114.1559 159.8189 116.5999 108.0587 12.7051
285.9384 201.6374 127.1256 75.7091 104.3470
181.0731 275.3624 12.8209 9.3106 110.7164
234.1061 360.1803 11.3737 6.3060 111.5049
272.7120 363.2403 10.5585 5.6490 111.0049
383.4607 204.3966 8.9105 4.3615 103.3115
356.6339 59.6198 10.2958 5.4323 96.6298
239.3615 73.9152 12.3654 7.6036 97.0054
343.5360 306.8172 9.2761 4.9996 106.5805
203.5195 131.8201 12.5712 8.7250 98.8244
182.5983 204.2627 12.7086 8.0893 104.3427
323.8452 38.2352 10.9315 6.1432 96.2267
310.6918 343.4899 9.8535 5.1687 106.7563
378.0972 98.8887 9.5984 4.9371 97.8171
386.9985 149.2861 9.1624 4.6141 102.0759