240.9137 83.2369 73.8757 72.2673 119.4204
93.1740 91.2465 43.6328 40.7821 87.8791
81.4188 88.7742 90.1027 81.6521 88.3944
97.3332 91.5983 34.7046 26.8427 96.7899
227.9671 204.4843 131.0432 45.2473 1.6738
247.6081 81.9475 41.5937 35.8769 130.4325
254.5878 89.0823 25.8638 24.8866 133.4991
91.2888 24.5581 11.5988 9.6981 80.4634
50.8024 43.4219 11.7156 9.5377 79.1330
279.2238 122.2036 8.9661 7.4274 119.7007
203.9756 122.2528 6.2208 4.8811 117.5167
243.0341 137.9791 8.7980 7.3280 126.7686
189.4368 85.0403 6.6685 5.4592 107.6245