244.0017 302.6422 59.2144 43.4253 -7.1178
116.2426 147.0409 49.6523 40.8010 112.9921
239.3495 384.9564 9.7679 7.8956 -13.3033
110.5206 141.5846 35.2021 26.9195 126.0606
109.9276 140.7067 91.7333 84.4970 118.7028
261.0714 132.3340 97.7938 72.6242 117.6092
313.4403 360.6892 9.7693 7.5235 -5.9453
246.1221 321.8271 117.4508 95.1552 -5.6717
101.4266 300.5227 8.5890 4.6070 -5.8256
169.5379 360.4352 9.5600 7.2725 -15.5980
342.1063 306.4365 9.2008 6.8863 -3.1540
149.6138 307.4539 9.0191 6.3569 -14.7045
313.0552 258.1917 8.3163 6.1119 -5.3458
47.9018 280.0724 8.2590 4.6250 -13.3364
184.2015 259.8829 8.3967 5.6101 -14.3278
145.2031 201.5819 8.7774 6.8727 125.2636
249.7534 240.7370 8.1480 5.4244 -11.9884