357.9341 354.7940 350.0690 285.1953 0.5374
67.4190 343.9069 31.9222 23.0954 -7.5261
357.5118 237.9754 165.1727 127.0360 0.8761
636.5536 276.5113 31.3844 21.6710 9.2555
355.7583 281.3823 135.5171 64.3637 0.1216
406.7052 554.7039 34.9646 30.8593 14.3062
135.8299 187.1939 29.3007 19.0759 -4.1739
604.7024 449.2895 33.9566 26.2392 12.9638
171.5963 502.2177 34.2601 26.0797 -7.0850
510.0189 144.8576 29.8411 18.3962 1.8377
405.3355 567.5791 21.9705 10.2787 4.6040
603.9945 464.8446 17.2180 6.4545 10.3054