217.2281 30.7952 17.5640 12.4566 5.6070
170.4165 92.4757 17.1399 12.3563 -10.3243
248.8305 123.0073 19.5473 15.1384 8.7287
58.9510 39.5093 47.2454 36.0241 -8.5574
127.6271 160.9186 49.2080 41.3463 -5.0155
243.3427 140.0734 54.9616 43.1590 12.2703
63.2988 199.9067 9.2511 8.0731 -8.0452
280.3489 13.9475 29.4741 15.9536 -16.9429
57.6669 19.3409 17.7333 13.0269 -33.1207
11.6630 108.2267 8.3315 6.3777 -16.9665
266.2619 168.9920 6.4669 5.0883 6.1772
20.5982 159.8238 8.9168 7.2085 -5.6946
196.7020 201.2733 9.5017 7.5025 3.6836
223.7487 104.4306 6.2632 4.6707 -3.3994
124.2726 149.5122 16.2474 12.1748 15.6966