486.0450 439.8615 135.0379 131.1599 54.8276
273.5335 287.8836 67.4770 64.3646 -25.0013
503.6339 180.3203 123.5125 115.8827 5.3894
485.4325 436.1875 71.6943 66.8864 67.7708
97.4631 157.6337 60.9073 49.7712 -38.1014
274.5560 290.9901 126.9485 120.1047 -24.8129
717.6343 335.7044 64.3529 49.5922 57.6739
306.3220 53.0140 64.0112 56.6510 -21.1633
589.5947 472.8267 10.9775 9.6108 82.2222
383.6230 396.9770 10.4533 9.2246 110.5462
127.8604 449.4975 10.5621 9.8879 120.7374
245.1975 548.5130 73.9128 61.9190 99.7023
498.9708 190.3783 61.9404 47.6202 12.9128
48.5247 404.8813 67.0349 54.9570 117.8529
731.8687 83.2149 62.1792 49.8152 10.1489
692.5724 496.9574 9.9746 8.3932 77.2700
477.6752 438.0110 60.4454 55.1654 57.1487
205.3380 219.0357 9.2261 7.6572 -37.7902
655.2132 397.7790 10.4297 9.3366 63.5779
347.4523 217.6358 9.1300 7.9538 -38.9318
449.4485 540.8630 10.9397 9.5890 95.8169
346.0201 358.4510 9.9190 8.8721 127.4314
467.7921 267.2762 9.0493 8.6252 4.3980
598.9061 208.7896 9.2606 8.4144 26.1466
730.7059 333.0675 133.3304 122.2891 41.3703
287.8773 445.0595 10.4130 9.0980 105.0872
93.8320 312.9877 9.7790 8.2878 134.6889
151.5538 79.9684 8.9113 7.0654 -7.9430
239.5470 548.3859 136.9842 131.8852 110.8228
692.9905 495.7884 14.3348 12.7177 29.0323
518.0449 333.5678 9.5223 9.0924 74.6730
143.6980 497.9952 10.3645 9.0509 102.1269
535.1669 89.6643 8.6349 7.6284 18.8028
698.6012 594.4659 63.3633 57.9560 -7.9052
22.9067 105.8562 8.4865 6.6902 -32.0841
395.8384 80.6992 8.4082 7.4417 -19.0681
81.8621 570.3132 10.4266 9.0466 113.8340
657.3348 251.3636 9.7370 8.7148 39.4883
215.9157 27.3887 8.1446 6.1983 -24.6115
408.0735 144.7863 8.7971 7.9451 -7.4027
736.7529 167.7082 8.8410 6.9228 43.1336
33.0108 229.0538 8.9527 7.4854 -43.6625
271.3013 138.5241 8.6004 7.2969 -27.7146
198.3100 359.7034 9.9363 8.6716 112.4309
168.4509 202.6741 9.3129 8.5183 -2.4629
632.2902 71.8932 8.3215 7.0803 27.8204
489.3435 22.8367 8.4122 6.4440 6.7889