767.8626 344.2622 29.0906 25.7848 71.9248
114.9737 187.9203 22.3968 16.2406 82.9254
840.7567 467.0794 29.6429 25.9760 53.3406
445.3001 253.1794 26.3324 21.3316 83.2827
548.6508 231.4326 27.9818 23.0853 86.3719
960.4406 227.4379 18.0581 17.6557 84.9934
366.0349 316.9382 24.4356 19.2323 78.9325
382.5177 728.0677 23.1260 15.5934 55.3301
592.3140 515.5982 199.4778 131.2511 53.4382
596.3043 414.1151 16.2349 13.5235 71.0515
241.7482 466.3685 21.9217 15.3116 69.5779
319.6269 409.4244 23.6846 18.8434 74.7081
179.0176 256.4763 22.3586 15.1155 76.5654
866.7848 605.1221 32.6862 30.6366 53.7264
227.2804 352.1691 23.9257 15.3464 55.0168
40.9513 159.5216 21.5445 14.9573 81.7967
570.1773 556.6976 276.8764 224.5168 67.6117
891.7126 166.4237 16.9968 15.4473 32.1076
98.9635 419.5171 143.3629 66.2809 79.8341
935.0761 420.6059 21.5818 16.5197 43.2407
225.1455 567.1596 21.8721 14.5363 62.2457
303.2206 518.7107 22.3550 13.4825 72.0441
865.8028 606.0923 28.1834 24.0967 43.5407
70.3596 412.1524 298.6433 197.8724 77.9674
983.1689 645.1931 30.2326 27.4352 68.9171
255.8813 177.4111 16.5286 12.0902 93.2960
315.5784 239.1375 17.3079 11.2062 73.7908
119.5069 673.0886 20.8072 13.3140 63.1559
485.0197 178.9156 17.8063 13.1767 64.2379
623.0093 83.9222 21.7814 13.0074 -37.6910
51.2938 666.9980 19.5220 13.4570 70.6274
690.1012 544.9559 16.3936 13.5891 55.8009
516.8520 500.3120 93.9494 39.4424 92.2647
181.1645 638.3136 21.6310 14.1078 64.0023
599.6505 40.1569 6.5393 4.8863 -9.9027
330.6034 627.9964 23.1513 15.7394 69.9084
402.3590 31.0374 6.8481 5.6071 -25.0080
435.7468 32.5439 6.8384 4.5803 -5.0703
164.4846 46.9581 7.2111 5.0413 -1.0389
911.3664 76.5111 8.2200 5.1098 -16.2899