129.9492 154.7238 141.1834 110.5024 115.9516
132.2645 153.9930 74.8565 53.1619 116.7261
328.5202 186.1808 39.3236 24.1711 114.8301
499.9193 195.6164 96.1514 71.4195 116.6956
325.8020 188.8989 109.3803 77.1950 115.1690
510.8998 198.2003 24.3677 17.1455 115.1497
554.2924 160.2881 12.2734 9.7627 128.2694
139.0457 51.6536 16.3411 11.6542 111.4714
355.8686 248.4981 10.9316 8.3081 116.7698
463.7448 236.3621 12.5099 10.5145 134.6938
529.8382 245.3833 11.9809 8.1912 116.5364
142.0660 261.9352 11.9648 10.4793 -42.7008
491.7506 149.9767 12.2046 8.7852 118.2192