93.0103 107.4119 15.2875 12.8778 -39.0334
133.2581 185.6885 50.0602 29.4013 -16.1001
91.6634 107.3589 35.3860 27.0605 -31.6451
96.5379 57.8879 8.1012 6.1339 -41.1887
282.9089 81.6882 35.3818 17.9468 41.3251
85.3768 97.1109 66.8371 62.0218 -28.2608
129.4186 70.7632 7.5837 6.2284 130.1945
191.8470 83.6552 14.3013 9.1529 -33.2201
266.7599 100.1807 18.7663 17.4755 27.6859
215.8373 172.5612 50.9117 33.5681 1.9923
92.6777 107.0425 25.5143 22.9735 -29.9195
182.4652 63.0819 32.4346 15.7787 -30.4456
53.2094 140.4474 7.6033 6.0434 -36.8801
235.2734 148.5275 6.7009 3.6231 1.2822
139.2561 102.6354 7.5811 5.8228 132.1543
40.8901 108.4024 8.0659 5.7899 -34.5882