356.3483 242.9170 20.7178 19.8862 59.8158
294.9204 152.3685 20.3822 19.6897 49.9404
437.9847 189.0858 20.1022 18.3173 61.1284
129.6044 200.7555 24.9014 23.6902 116.5700
70.1246 261.9067 19.1824 16.4998 101.7531
129.4646 202.6447 52.8470 50.1541 116.9468
368.3437 170.0974 28.5275 26.5713 47.9102
360.5382 177.8551 111.3481 104.5537 46.6275
132.5111 206.6018 119.6376 114.0133 132.8959
76.2238 147.5876 18.3482 15.8624 109.5362
215.2383 107.5839 22.8093 20.9210 12.2517
189.2759 144.0054 18.0784 16.5502 113.8166
186.9579 262.4202 20.8140 17.1786 93.7669
377.9663 103.2546 19.1306 17.9071 38.3649
229.1999 43.4972 15.8138 14.7293 -6.4531
190.8569 263.6104 17.3868 13.9725 -43.7992