204.6816 404.0717 20.3721 19.9094 18.6927
388.4826 274.3727 16.6231 16.1195 11.9096
204.8374 404.3031 16.0592 15.3017 20.7396
200.4018 277.2329 16.9374 16.5632 -4.0313
70.2375 279.0187 20.3120 20.0178 26.0418
414.7729 171.8230 24.9371 15.1072 0.5879
515.1708 402.8098 16.2888 15.5275 1.2052
320.6586 187.9975 20.4024 12.7070 -1.7606
151.4536 189.9969 19.9061 12.2541 5.4012
78.8422 405.6758 17.6205 15.7174 27.7986
323.2742 286.0285 18.5309 10.3909 -3.6731
387.2558 402.6777 17.3079 15.7312 14.7118
519.0977 274.9693 17.7831 17.3284 15.5828
581.3379 293.0608 22.8505 12.3047 -1.0806
448.3093 338.2954 34.1673 30.8203 4.7724
608.0679 181.0183 24.0789 17.9432 -7.0452