486.1330 168.9318 71.4771 52.8905 6.8854
365.1983 213.9033 25.7958 19.5316 -0.2606
175.7071 95.9638 37.7096 23.5344 -19.0748
485.9673 167.7264 56.3174 41.5139 6.3257
485.4742 167.3577 44.1939 33.0605 8.1136
559.8807 265.9892 27.5491 21.3792 23.0411
280.0266 60.3779 19.6980 11.4377 -10.3616
154.4509 35.9403 18.8590 10.0294 -17.5457
202.3008 170.7230 23.7006 16.4169 -17.3849
67.4041 134.3008 20.6542 12.4164 -22.0663
176.7080 96.6268 58.6340 37.0964 -19.2385
424.3365 88.1431 21.4327 13.7970 4.3701
591.2569 123.1092 23.3396 15.6346 14.2535