138.4543 208.4953 30.5798 28.2292 -19.1501
557.1772 202.1614 31.1098 28.2837 -41.2430
73.4766 253.9617 16.1803 14.5961 -16.3006
66.9330 117.9869 16.3677 14.7966 -14.7343
148.4815 362.7166 15.9719 15.1626 -21.6087
583.8995 84.7955 15.8948 14.2720 -35.5383
336.6058 169.9233 155.0762 137.1673 -25.5318
558.5407 201.3570 24.1974 22.2323 119.7329
148.4746 362.7689 11.4843 10.7955 20.6705
153.5195 111.0505 10.9842 8.9463 -9.0729
67.0978 118.0113 11.6815 11.0971 -4.0924
555.5666 201.4999 15.0056 14.0522 -31.6601
258.9855 369.0366 11.1160 9.9394 16.7794