433.3535 402.3712 47.2109 41.7345 109.7913
965.1095 280.7900 36.3320 32.4515 -43.7694
776.3871 401.8420 44.9253 41.3580 112.1399
778.4245 404.0133 36.4942 33.4293 130.0034
316.6500 883.0769 28.9890 22.1438 8.7646
434.7931 406.4615 37.0672 34.7230 54.0050
609.8066 589.5517 48.7141 43.5125 -16.5624
602.0577 530.9326 275.8339 238.4275 1.8715
604.7892 556.4781 345.2956 296.2690 -2.2753
906.7976 866.7583 28.6952 23.5567 -17.1945
241.2138 293.3323 37.1577 34.4435 44.1743
956.4699 270.6891 33.4639 26.4243 -39.5183
602.3368 564.5477 354.9935 314.1262 -0.2280
603.0287 717.2487 149.1466 61.1525 -0.3150
762.1562 702.2398 18.4227 15.5458 -6.0659
450.6432 707.0591 18.6415 15.8558 5.8463