162.4 386.2 28.62 24 -13.29
305.9 212.7 164.3 124.5 0.1705
304.8 238.1 292.2 224.1 0.16
472.6 371.7 27.97 23.14 12.89
106.3 113.8 24.13 16.58 -9.077
305.7 209.1 134.5 101.9 0.4236
306.3 212.4 175.5 131.4 0.764
534.7 305.8 26.92 21.19 16.32
89.28 325.7 27.9 21.92 -14.36
172 68.05 22.95 15.24 -5.07
337.3 40.28 21.9 14.62 3.085
376.7 412.7 28.69 24.83 6.019
265.2 418.1 29.07 24.97 -5.016
64.72 177.1 25.4 17.94 -11.56
306 236.8 284 216.4 -0.3795
56.7 251.4 26.61 19.87 -13.71
537.6 159.1 24.12 17.12 12.31
305.4 222.2 222.1 168.8 0.1867
300.9 269.4 286.2 250.2 5.005
