100.6 61.75 58.25 35.58 -11.03
114.1 385.1 80.05 64.84 -20.14
237.5 403.5 15.32 13.49 -2.571
206.5 457.8 15.73 14.57 -13.42
402.6 266.5 13.76 11.26 3.791
327.3 395.3 15.17 13.36 0.1769
338.5 95.88 69.47 48.42 -0.1567
448.7 357.1 50.96 41.94 7.819
396.2 159 12.53 9.183 0.748
114.1 382.8 49.44 40.37 -19.62
352.1 294.3 13.88 11.52 2.419
338.3 94.42 38.4 26.66 0.2117
233.9 349.1 14.11 12.57 -7.273
113.6 385.4 87.02 72.54 -24.74
428.6 474.1 16.8 14.42 18.74
200.9 308 13.66 11.31 -6.137
154.7 108.9 10.72 7.71 -12.99
364.5 445.4 15.91 13.98 16.55
253.7 137.4 11.39 8.88 -2.174
324.1 340.4 14.56 12.37 3.826
338.4 95.35 61.79 42.95 0.1194
101.5 60.18 35.45 22.45 -11.44
240.7 102.2 11.32 8.19 -7.49
148.3 288.8 13.42 10.79 -12.98
21.38 472.1 15.38 13.52 -40.35
449.4 359 81.18 67.01 8.161
338.6 95.71 77.56 54.72 0.09011
102 62.57 63.46 38.85 -12.07
110.5 394.9 104.6 85.97 -30.63
146.9 494.2 15.77 15.04 -24.11
105.3 86.87 117.7 90.02 -10.47
449.6 359.8 91.51 75.92 8.887
103 64.25 71.76 41.66 -12.28
292 163.2 12.15 9.56 -3.11
