138.5 354.5 29.03 28 -33.47
401.4 167.2 21.08 15.27 11.38
368.4 391.7 289 287.3 -23.88
370.8 384.7 171.4 169.8 43.4
370.9 385.3 185.7 184.3 51.77
231.9 203.1 26.78 26.06 15.02
372.1 386.9 172.4 170.8 -11.76
370.3 386.2 201 198.8 33.45
370.6 384.4 156.9 155.3 34.11
341.1 618.2 24.48 22.2 -0.4164
187.7 529 23.65 20.91 67.44
509.4 570.1 25.1 22 -56.28
370.1 390.2 203.5 201 -9.734
372.3 387.7 187.1 185 -6.195
371.7 389.8 127.2 126.6 -13.29
594.8 417.2 25.53 19.49 81.5
145.6 357.6 23.36 17.55 -63.97
372 385.4 135.5 134.5 4.095
372 385.8 158.1 157.6 76.8
372.3 385.8 138.6 137.3 7.219
228.6 203.1 27 22.28 15.08
340.2 621.6 30.19 29.35 -89.55
180.1 529.8 28.62 24.59 -87.78
