487.1 440.8 135.1 131.1 55.03
718.1 92.64 54.15 35.58 35.49
503.8 177.8 66.02 61.95 6.436
504.8 180.8 123.5 115.6 5.23
275.1 288.7 67.55 64.37 -28.58
275.5 291.8 126.7 120.4 -26.05
107.1 163.5 56.75 40.78 -45.06
83.17 571.3 10.67 9.386 -58.04
487.2 436.2 72.18 66.53 68.15
56.52 402.8 62.58 50.24 -79.3
305.9 55.18 62.29 56.59 -9.44
33.73 229.9 9.499 8.366 -32.49
144.8 498.9 10.84 9.343 -73.6
727 330.1 68.62 61.75 78.55
247.3 547.1 71.72 61.58 -85.5
480.7 439.2 69.15 64.22 63.34
273.6 290.3 84.07 77.82 -31.03
273.6 289.9 78.43 72.28 -29.79
319.6 125.2 76.09 37.07 -10.47
277.3 285.2 75.53 71 -36.82
705.5 106 48.36 31.17 27.87
731.4 78.87 67.78 61.15 23.43
497.8 202 57.35 44.76 -0.5531
281.6 286.3 82.25 80.21 77.13
274.9 529.6 60.72 37.61 69.39
277.4 285.7 80.81 75.8 -49.36
727.8 72.42 70.23 60.62 34.52
309.4 67.78 56.76 48.04 -19.53
478.2 438.4 61.2 58.57 76.75
486.1 437.1 74.68 72.3 56.13
103 153.8 67.67 55.22 -52.59
284.1 531.6 71.15 45.43 74.45
706.3 334.7 65.35 46.68 69.54
95.05 157.8 118.3 104.8 -31.32
296.9 317.2 51.99 45.42 -48.5
109.7 171.9 53.17 39.2 -46.55
251.5 133 46.16 15.31 29.74
491.6 213 52.31 38.85 -3.532
23.66 108.4 8.088 5.345 -15.2
732.4 333.9 134.5 121.9 39.18
