52.26 669.3 20.18 12.85 62.96
182.7 640.3 20.37 14.27 59.08
242.9 468.6 21.96 15.23 61.26
319.9 413.1 23.8 16.27 59.14
116.3 188.9 22.89 16.29 82.64
121 674.7 20.57 13.41 60.42
226.4 568.1 22.07 14.65 60.08
42.83 160.3 22.06 15.64 81.49
227.3 356.3 25.48 17.47 72.85
307.5 521.2 23.27 15.64 58.05
565.1 557.7 221.1 178.3 66.31
576 559.3 281.4 228 66.22
366.8 321.3 24.94 17.15 59.08
77.59 460.6 76.93 28.51 60.37
330.7 628.2 23.44 15.99 66.61
426.8 128.1 17.71 14.89 -84.43
709.3 417.9 94.31 45.58 57.23
69.78 415.1 300.9 202.9 76.62
426.4 130.4 89.13 33.16 31.47
624.6 529.2 170.9 141.3 64.67
