143.0855 390.9159 14.9913 12.9882 -15.9495
403.4690 295.5667 105.1850 93.3084 -0.1453
134.1619 558.9419 16.6185 14.8305 -36.4979
417.2508 512.4745 11.0894 10.5474 -13.2209
150.7765 243.2891 13.6150 12.0789 -24.1014
658.5825 507.5104 11.8975 10.6030 0.9821
573.8021 578.1428 11.4869 10.8473 23.6679
643.2272 223.4101 14.1056 11.3803 9.0163
421.4940 579.8616 11.8623 10.7222 -13.9817
265.1374 596.6646 11.9764 10.7103 0.0134
666.5492 365.7092 14.6547 12.5571 11.1121
220.8145 312.1403 9.8784 8.9745 -8.5838
694.6868 527.4900 16.2582 14.1024 29.1905
607.9282 467.9392 10.3530 9.0841 9.3710
564.0615 146.0522 9.2348 7.1677 8.6285
393.3867 105.6552 9.4714 7.8824 -1.8952
216.8907 489.1370 11.2484 9.5836 -13.1219
223.1155 158.7552 9.3859 8.4172 21.4018
265.1677 80.3702 8.8991 7.5531 3.3087
169.0667 534.9807 13.1272 10.6510 -10.7865
157.2934 112.3407 12.8435 10.3517 -23.3364
696.1789 268.8152 10.9520 8.9519 5.5842
83.3927 595.9347 12.5369 11.5502 -25.0458
514.6525 72.4094 8.8619 7.2853 16.2721
624.1210 91.8837 15.3219 14.1476 122.4931
597.5068 113.4450 10.2902 7.8332 -0.0738
750.5150 557.5911 12.4640 11.4499 4.9273
584.2877 296.7152 9.8471 8.2014 6.2864
129.5886 316.3240 12.5487 7.4713 -0.9497
390.6195 60.0435 9.4952 7.4096 -8.1761
625.1414 294.2394 11.3355 9.0095 -6.5051
103.6908 294.4668 10.1905 8.5747 -23.4094
652.8962 37.9786 9.9616 7.3108 5.0172
178.2334 314.5033 11.1542 9.0647 -0.7957
185.2794 128.0951 10.6112 7.7238 0.5289
120.5896 55.2220 9.9071 7.5159 -19.1318