438.9679 237.7207 27.4934 27.0536 85.9913
319.7818 302.9481 19.3231 18.0100 -14.8889
438.6270 332.7608 27.4822 26.3210 130.7682
432.2865 58.4658 20.2328 18.6711 46.4426
452.3582 150.0562 19.8106 18.9555 67.7492
325.9038 161.8560 19.0289 18.5494 26.9065
330.6955 266.0531 15.3256 14.0719 6.0884
345.6891 53.3755 15.5776 14.6117 63.1847
326.5363 123.5066 15.8724 14.8531 45.4400
328.8676 84.0376 19.3627 17.5959 24.9990
128.8902 283.8849 12.2147 11.5866 -2.7357
316.7072 351.6526 14.7599 14.2132 -14.8961
320.2365 164.6677 13.2931 10.8686 -24.3232
323.0980 228.4505 19.5835 17.1933 11.5700
302.4798 275.4540 5.5474 3.6035 11.0983
435.2094 326.9620 20.9344 13.8017 -44.7031
413.3938 206.3633 6.7373 5.6378 -0.8201
483.5088 350.9092 6.7280 5.8779 14.5166
163.3516 187.8527 5.1557 4.5955 79.4894
202.4213 284.7073 8.0238 7.0190 36.4259
305.7721 189.4791 5.6499 4.5719 17.7665
261.4389 141.3623 4.6443 4.5343 -31.6087
319.7231 39.1317 8.6189 8.2703 42.6563
482.5693 216.6065 5.7473 5.2535 42.5074
81.7214 242.0767 14.7813 11.7637 73.8782
347.0813 134.4906 5.2767 4.5166 18.7924
208.6164 189.4935 5.7815 4.9078 123.8068
108.1987 184.2773 5.5187 5.1479 82.2729
319.7490 226.6623 11.4680 10.3536 128.7484
258.3481 57.5820 5.1205 4.2942 29.3329
466.3326 81.4000 5.9787 5.4538 20.8938
58.3535 244.8619 7.6131 5.6863 -25.9312
45.3703 347.4489 28.9214 16.4332 -10.2940
81.7996 276.2175 12.6637 11.7431 83.6459
348.8356 187.8435 6.3869 5.9047 4.2489
466.1929 43.2931 5.9863 5.2594 122.6505
210.7369 121.0281 5.1177 4.4372 61.8387
302.7999 257.1079 5.3301 4.0971 0.9887
210.1269 49.3931 4.7288 4.1603 77.7700
80.5463 240.6359 4.9151 4.4359 -23.3603
207.7978 337.5407 6.7795 5.9565 87.6615
128.5735 284.3246 4.7829 4.3739 -38.0805
64.6168 45.6846 4.6226 4.3766 6.3395
64.4426 63.5962 11.8440 6.1879 102.3664
80.4824 258.7025 5.1527 4.0038 -39.3553
156.8016 47.6936 5.1543 4.8887 -12.5846
263.3035 191.7817 5.2271 5.0826 7.1480
330.5269 36.3562 43.6365 29.4512 -20.5711
51.2223 186.4326 6.4799 5.1961 -34.7876
163.3578 141.8416 5.2900 5.1075 32.9248
59.8431 318.2565 7.3539 6.2073 -19.0353
155.1072 317.8189 8.0394 7.3934 56.7745
104.9885 338.7547 7.2029 6.6378 -41.4715
412.7718 268.5304 6.9967 6.1222 34.8261
80.6214 277.0113 5.4738 4.4884 -37.4308
13.5660 336.2106 5.7055 4.7906 -39.4267
113.2766 48.0673 4.9697 4.8562 -28.7245
153.5003 248.0525 5.6571 4.8989 13.4171
14.4921 256.2081 4.9511 4.6142 -27.4618
61.1702 85.9508 5.4756 4.2856 97.4938
414.2716 29.9635 6.6030 5.4182 28.5320