320.7640 121.4833 16.6773 15.5102 55.9495
31.0715 211.5000 9.3937 8.8754 90.0000
27.8783 242.2142 12.2298 12.0652 -21.5964
494.4777 405.5287 41.3040 38.7101 99.9337
268.9635 512.4223 9.7165 8.9598 116.9003
169.7417 541.8950 9.3915 9.1981 16.6219
183.4714 406.7542 12.8409 12.5213 49.3475
381.8465 363.0112 9.4050 8.9695 52.6211
420.0551 30.5906 9.0829 8.6948 28.8419
447.1467 269.2949 9.4515 9.0055 113.4194
394.0608 485.7843 9.1298 8.1737 100.8363
398.7887 189.5683 9.4162 8.5976 90.3921
146.8781 161.9857 9.4278 9.1858 126.9872
390.5000 310.3065 9.3863 8.4508 90.0000
497.1806 520.2726 9.7179 9.0255 130.0162
503.4190 305.0021 9.0594 8.6782 110.5625
315.3494 206.7673 9.0784 8.6539 118.5619
267.9896 315.2968 9.3535 8.8117 78.9439
283.9263 387.8403 8.8013 8.2071 98.4077
500.1988 464.0986 9.1938 8.4197 100.6796
57.8531 256.7508 9.3953 8.9703 130.6486
163.2870 371.7454 9.0654 8.6080 72.7384
105.1566 319.2532 9.2628 8.9735 109.4747
502.8112 169.9592 9.0661 8.6864 68.3538
195.0104 292.1759 9.2149 8.7224 91.7489
215.9168 355.7853 13.1955 12.5377 84.0853
512.9381 35.5621 8.7130 7.8438 67.3062
304.6646 235.6242 13.0522 12.3572 106.9254
8.6772 16.9695 10.5810 8.3814 69.9492
483.2727 81.8694 40.6106 36.4979 73.0885
410.2079 543.5578 9.0017 8.6696 129.8501
239.0500 279.6204 8.6078 8.2192 48.1188
100.9357 45.8046 29.8237 18.1582 -28.6006
143.9603 192.3494 19.2337 10.5955 27.0528
133.2558 296.2707 11.7890 8.7927 -3.4210
347.3219 418.1895 101.4385 61.0851 -5.7412
30.2051 47.3020 10.2666 9.0942 91.5662
157.6024 443.2278 9.6400 9.2830 -12.9287
147.5773 30.6243 9.9068 9.5037 4.5615
331.8169 292.9715 20.7667 10.5556 66.8376
371.5988 194.0943 42.0092 19.0345 -16.2196
488.0952 491.8933 15.8503 11.4334 -7.5163
276.7514 75.0604 13.6426 5.5771 44.5993
343.0734 99.3848 7.7427 5.4180 16.7158
206.0484 457.0886 9.7717 5.3094 0.8436
66.2269 433.2556 10.2815 6.0797 -4.5847