153.1977 142.9596 144.6878 137.3386 14.4199
224.4941 226.7154 16.2080 13.2896 68.4475
110.4976 238.3386 16.9382 14.4580 96.7108
63.4441 207.1843 15.5254 13.0904 116.2947
260.6468 187.8904 14.7940 11.9675 55.6801
170.1278 246.5842 16.9681 14.4634 86.5007
153.4884 112.9511 68.9493 63.9998 10.5953
273.9771 141.7062 13.3078 10.5485 43.2820
36.9678 162.9214 13.2998 11.7006 132.3956
153.1433 118.5953 88.6073 83.2779 9.9126
267.9521 98.2707 11.7870 9.2814 40.7489
142.5037 18.5763 8.5684 6.4717 -9.9241
180.1033 21.4798 8.9637 6.6746 8.2486
32.6769 116.7780 12.4259 10.8955 132.6356
71.5122 45.6360 9.7942 7.8893 -14.0284
46.0242 76.7203 11.0178 8.2012 -29.2400
153.6647 132.2634 95.0346 79.5793 3.4003
246.4248 61.6896 10.3064 7.6407 27.3456
215.7777 35.8767 9.5100 7.0912 16.9414
104.9342 26.2644 9.0692 6.6630 -17.5032
153.4966 133.5055 78.5551 58.7808 -0.6896