263.8318 416.8699 29.3568 25.1034 -3.4116
304.5956 208.0727 134.9380 102.1637 0.4618
300.7926 237.2535 288.7917 224.2696 0.7859
487.9875 99.4123 22.7133 16.2553 8.7476
536.4145 157.9145 24.5649 17.2113 12.4770
55.5279 250.2663 26.8067 20.0021 -12.6980
336.1774 39.0325 21.9468 15.3242 2.3910
63.8590 176.2928 25.5318 18.3689 -9.3952
300.5858 207.5387 169.9083 127.9129 0.7231
161.0958 385.0217 28.5140 24.3147 -15.6805
250.5507 41.7192 22.0460 15.2775 1.7402
375.6623 411.4225 29.3535 25.2001 7.0828
471.5234 370.5802 28.3580 23.3390 12.8461
554.1060 229.3053 26.1346 19.6878 16.8952
533.5236 304.7310 27.1434 21.5271 18.4795
170.6346 66.8744 22.9019 15.6893 -5.2335
87.8925 324.6330 27.5892 22.4012 -13.4885
417.7698 58.8061 22.5336 15.1021 4.9329
105.1723 112.4894 24.2986 16.6758 -8.6786
305.7098 295.6691 275.7992 216.7961 -1.5627
334.1211 254.8213 167.2078 111.3225 -41.8707