417.1333 422.9510 24.1149 17.7355 10.2905
311.6694 35.0888 82.9162 32.0699 2.6946
244.0056 454.8288 25.2807 19.8331 -1.3905
275.2249 337.9468 245.4242 159.1523 1.6601
98.5496 385.8008 23.7390 16.5198 -10.2893
477.4788 323.9437 21.2263 13.6475 14.9734
84.2715 282.4342 21.2697 12.5884 -5.7833
304.0063 101.8726 168.2368 74.9204 2.6548
284.1690 260.4027 124.6142 73.5772 0.7545
443.9752 101.0095 14.0911 6.0776 6.2178
404.3556 145.5192 15.4389 7.4282 6.4790
292.5945 159.6940 15.6796 7.5934 4.5007
190.6740 129.2225 15.8585 7.5466 -1.8790
419.1666 238.0799 17.7462 10.6035 5.3447
173.5804 213.7865 18.1337 10.7882 0.4997
167.8207 80.7559 13.7988 6.0677 1.1693
528.1400 113.8713 12.1256 5.0188 17.2667
91.2625 97.8771 6.6248 4.1036 -7.7689
513.2718 152.8508 12.1742 6.1653 17.1610
216.5430 44.9346 6.3258 5.0555 -5.5708
114.0332 57.6317 14.9261 3.5624 1.9070