309.9749 174.7351 53.6436 41.6100 5.5710
307.3904 216.0912 210.8081 166.5148 5.7886
305.8207 242.1075 289.5804 231.9130 5.9959
271.3015 235.8278 12.4689 11.1091 2.0423
225.7462 161.3545 12.5382 9.6564 0.8512
294.8583 110.9557 11.4130 9.0358 8.6000
382.6543 144.4220 11.8836 9.4594 9.8353
309.7687 181.8971 123.4707 95.3532 6.0192
375.4155 223.2155 13.4324 10.2542 15.7424
153.5658 77.0504 4.6325 3.1462 -2.9438
161.3981 398.3392 6.7043 5.7765 -20.5055
539.5150 321.3949 5.6738 4.5746 9.8925
372.9120 402.5859 5.8660 4.9069 62.7340
66.2503 143.8622 5.0015 3.9107 -13.8317
571.6947 239.0015 5.7076 3.9412 15.6289
142.0916 354.1899 6.1075 5.2584 -17.0384
285.6612 418.4700 5.9421 4.8891 41.1605
63.3682 224.1207 5.6130 4.3080 -15.6042
431.7794 404.9687 6.2652 5.0311 11.4886
515.5904 363.7882 5.8243 4.9246 21.1470
466.5554 372.0411 6.4937 5.5893 4.1655
98.9841 329.8889 6.0978 4.1312 -13.3990
346.8159 445.1053 6.1759 5.6198 56.6277
197.4914 89.6137 24.1434 11.2264 19.2949
100.6780 122.0801 4.5149 3.1388 -6.2998
538.4141 210.9674 5.4505 3.8718 17.1886
219.9806 417.3314 6.5710 5.6803 -9.2027
90.4669 283.6381 5.6465 4.6759 -28.2787
115.3781 93.9722 4.5235 3.0653 -9.2938
518.9208 145.6495 5.0238 3.5114 4.4292
543.6993 175.4211 5.1711 3.4816 13.1865
202.0000 46.8589 4.8893 3.1471 -0.0000
240.0000 30.8589 4.8893 3.1471 -0.0000