504.1633 480.4165 438.7682 433.3241 -4.3726
517.3475 487.5450 161.9987 157.5114 -9.9089
606.6694 566.5984 16.9722 16.2370 41.2358
467.0407 595.6023 16.9230 16.3998 31.1153
519.0925 487.7832 74.4146 73.4803 -4.6703
506.0482 472.4411 263.0001 258.7537 -4.8547
398.4185 473.5878 17.0355 16.6380 41.7975
622.5860 428.4055 16.9748 16.4519 44.4757
494.1760 370.1266 17.1067 15.4085 33.9614
615.3419 161.0650 7.5653 6.9098 -35.8190
670.5000 153.5000 7.0271 6.2781 -39.4414
781.5818 268.4980 7.6260 7.3121 -37.5341
860.7205 592.1386 7.3905 6.2482 121.7510
582.5482 95.0974 7.5382 6.8964 -21.0262
516.5476 486.6294 81.2547 80.4109 -42.6778
225.7356 377.2503 7.5880 6.4459 79.2035
158.0596 474.5665 7.7754 7.4739 -18.5403
400.5769 151.3983 6.6761 6.4726 82.1383
867.1067 524.0086 7.8284 6.9956 107.2819
869.9558 354.0218 7.4043 6.5139 134.8111
250.9635 218.8727 6.4900 5.8532 59.2417
227.3621 664.4398 7.7475 7.2821 39.6972
866.5604 654.3087 6.7810 6.6126 129.7495
164.0268 283.8766 7.0740 6.2457 86.9818
732.9542 180.8687 7.1656 6.7403 -29.3337
554.6896 156.8188 7.3872 6.0233 123.2322
451.3099 782.5776 7.8500 7.2901 23.3478
606.5217 791.2251 6.7930 6.6875 -0.1599
460.8850 128.4722 6.4234 6.0229 60.7006
681.6381 225.4195 7.3498 6.4316 109.2369
896.4197 421.2029 7.9314 6.7009 111.7062
510.5195 777.3567 7.6383 7.1265 29.5077
331.9312 118.8059 6.1473 5.8930 33.8883
841.7690 473.7200 7.5692 6.9295 127.3544
792.8469 195.2506 7.2890 6.6314 -14.9480
787.7382 382.1855 7.8618 7.3564 132.6356
510.2676 97.6643 7.6528 6.5299 -42.0663
274.6486 704.9817 7.8405 7.1113 75.5085
787.4563 613.9843 7.3710 6.8834 106.4658
334.5152 785.3496 7.6841 7.0050 31.5732
212.2000 741.9859 7.5810 6.5211 35.6196
826.1365 415.0309 7.6238 6.9500 113.1038
213.2315 570.0873 7.7186 6.7895 54.5917
176.9839 638.0708 7.5512 7.1823 94.5252
142.4937 352.6932 7.2928 6.3437 72.2672
190.2298 516.8889 7.7918 7.5234 85.4170
799.5516 558.0128 7.8648 6.9776 131.4946
823.7966 317.9217 7.7431 7.0017 105.1349
510.3558 181.6821 8.0509 6.5315 -33.1285
101.8676 530.1940 7.2599 6.7829 7.5870
788.8559 667.9092 7.5506 6.6417 128.6202
730.6676 254.0719 7.7094 6.5524 113.2161
679.6570 709.7586 7.2526 6.6212 54.4167
156.2900 409.2563 7.4681 6.4518 86.6148
564.9563 832.9330 7.5639 6.6427 28.1460
325.7320 710.4213 6.7962 5.3465 58.8135
215.7318 328.8896 7.1432 5.6860 60.4143
733.4768 780.8289 6.7206 6.3108 18.9165
142.9636 577.9879 7.2629 6.2192 33.7108
659.2169 757.7076 6.3331 6.0846 -32.3333
754.4361 723.9716 7.2085 6.7472 -38.9075
399.3254 801.3454 7.3213 6.7723 23.7856
273.6789 783.4140 7.5146 7.0827 39.4470