98.6198 252.6016 16.1787 15.5705 119.5445
158.1811 151.4690 87.4318 85.4493 2.3888
127.3282 41.7308 15.1191 14.4266 17.1232
263.2820 206.3885 16.1034 15.2592 26.3420
214.6831 51.3333 15.0741 14.3059 23.0033
43.9903 181.0834 15.9893 15.3332 -28.8553
271.4257 118.3319 15.5638 14.7492 0.6541
191.1545 263.7445 16.4266 15.7066 78.1013
158.2040 154.3737 149.6443 146.3449 -4.9489
56.5911 94.3779 15.3324 14.5252 -33.2630
143.1849 296.2863 15.0776 12.3808 3.5234
11.0199 136.1312 15.3902 14.4111 -25.4964
160.9872 165.9593 53.1453 52.3822 116.9705
270.4559 59.5988 14.9892 14.0693 33.5533
305.9601 162.5947 14.7222 13.2810 86.3092
172.1201 12.0893 14.4363 12.0925 -1.5225
258.7990 268.7425 21.0263 16.5186 55.1822
44.1653 242.3162 13.8271 11.4094 60.8647
69.8829 44.1867 13.1179 9.3764 -41.5422