447.6419 355.9894 50.9652 42.4055 8.0645
337.0234 93.4678 38.5226 26.7405 -1.1222
112.9188 383.7865 80.3712 64.4533 -20.0930
100.1050 59.1484 36.1033 22.9750 -11.0500
199.8001 306.5776 14.2344 11.3223 -14.6624
351.0070 292.9809 14.0530 12.1055 -1.7492
401.5090 265.3212 14.0559 11.5328 6.6199
232.6569 348.2034 14.7877 12.5255 -9.1890
322.5267 339.2416 14.6790 12.9004 2.9249
112.8146 381.6194 49.6590 40.7630 -18.7221
462.6973 261.2110 14.3063 11.4312 6.4928
236.4548 402.5920 15.6074 14.1618 -4.0955
146.9367 287.6295 14.1529 11.0307 -15.0085
338.5493 104.0135 122.6459 85.5294 -0.4288
88.7319 292.8514 13.3602 11.0529 -18.5592
35.5644 321.3719 13.9300 11.1634 -20.6160
20.1560 471.2167 15.8370 13.5748 -43.1747
447.9927 357.6793 81.6101 66.8750 8.3012
427.5189 472.8370 17.0229 14.8241 18.4723
205.4404 456.8506 16.3029 14.8364 -16.0939
447.7405 358.6637 90.4422 76.4711 9.2785
343.6083 170.7065 12.5957 9.2962 1.8296
152.7104 107.8529 11.4382 8.0088 -4.6690
5.7331 248.4824 13.4794 10.4555 -13.3275
395.2451 157.8719 12.6570 9.5577 4.1376
285.3384 43.1158 10.6789 7.2005 -6.3135
416.4682 60.4251 11.5115 7.5475 8.7891
239.3751 101.2118 11.6115 8.3662 -0.1108
435.3270 93.1960 11.7378 8.5152 7.9727
363.4727 444.2700 15.8108 14.5031 13.3840
337.8089 94.6899 62.2133 42.4433 -1.1740
112.0654 388.5679 98.3322 79.0930 -16.7477
326.7482 394.0857 16.3251 13.6968 -2.3828
113.4123 376.7553 91.2222 78.5595 -36.0712
251.9546 67.8514 11.0612 8.1153 -2.5900
335.5863 99.5980 76.0286 49.8738 2.0342
106.6097 124.1250 11.3044 8.0219 -7.3921
184.9814 79.1248 12.0418 8.1189 -27.1455
290.6639 161.9630 12.1677 9.7787 -7.3081
337.1794 140.7723 116.4052 83.2897 -0.7764
95.5561 68.5492 117.6059 72.3047 -8.8064
428.7935 129.2565 11.9181 9.1976 4.1168
252.5322 136.2289 11.8215 9.0632 -1.7656
497.2336 469.1856 15.4378 14.7020 30.2252
-1.1942 367.9376 15.5895 12.3511 -23.9250
109.8836 96.6575 112.7152 77.9918 -14.3704
115.6534 398.3700 155.7698 128.6340 -20.2368
23.0805 105.2100 9.8019 7.2382 -20.3439
378.8106 39.1206 10.9883 7.3270 6.2235
96.0888 9.7757 9.4762 6.0276 -8.2377
331.1015 33.0969 9.9154 7.8533 -8.1208
191.2974 47.2923 12.5487 8.3094 -28.9953