353.4921 119.9074 23.9054 16.9167 -0.2800
239.3369 357.7052 26.9556 21.4423 -3.9640
104.3283 316.4241 26.9585 20.8432 -7.4029
236.2778 202.3215 123.8488 93.2944 -1.4015
55.7439 217.7440 25.8950 18.4816 -5.9413
235.0643 208.5541 100.1684 73.6577 -1.0653
371.8877 308.7585 26.9293 20.4828 6.9722
236.7105 242.3015 228.3607 184.7449 -2.2401
414.6669 208.4160 25.6485 18.4117 5.5701
112.5820 126.7773 23.9209 16.7507 -3.3878
231.8241 88.5063 23.1436 16.4003 -1.1280
236.8462 241.3009 80.5639 54.8798 -0.2740
232.8850 232.6384 224.5552 163.6607 0.0789