369.3666 381.0029 134.7864 133.2252 -35.5124
368.3089 391.9083 289.7694 288.7227 25.9370
229.3386 200.0622 26.1890 25.1357 -9.0662
602.2124 415.2625 26.9971 24.8450 58.9057
339.2211 621.8971 28.5921 27.0542 10.7473
370.0624 385.0373 157.5821 156.9636 30.4517
369.0414 387.1763 201.5654 201.1281 86.6901
136.4139 353.0106 28.5007 27.6096 -39.3825
553.7491 244.3770 26.7208 25.0968 34.3010
180.2270 529.6026 29.0205 27.4781 72.8649
400.1101 156.7022 26.5416 24.9084 14.4995
509.2789 569.7886 24.7438 20.6010 -44.3351
186.7461 527.6933 23.6484 20.9098 76.4106
371.1821 387.9133 127.3463 125.3007 28.4641
340.2720 616.3791 25.0649 22.5998 -11.7048
549.4988 250.8774 21.6036 14.3304 35.6117
593.1897 419.3859 23.1342 20.6338 103.4434
371.3261 384.5509 173.6211 171.0308 -1.5209