166.7162 328.3993 21.9648 21.9088 75.9858
209.0874 185.9317 12.5153 11.8837 129.7267
251.1310 65.7652 21.5309 19.5490 16.4603
304.4107 297.2385 21.6061 20.9064 93.6368
71.0362 223.1397 22.2204 21.4061 20.4478
56.6244 137.7910 17.9802 16.8021 91.9705
118.4821 95.1225 21.2310 17.0448 -24.4048
343.7234 164.8297 21.8924 20.7711 24.9406
244.3073 344.9631 17.3930 15.6006 -26.3751
85.4558 295.9975 18.1124 17.3368 7.5631
325.8734 83.5380 18.3566 16.3431 64.2452
167.0132 331.9021 40.4297 33.8997 75.7599
317.8820 305.0812 49.2300 41.8695 51.9143
177.3881 37.7560 16.5290 15.1193 24.4674
363.9765 232.9599 19.8826 16.3587 -35.2333
114.9721 87.7396 18.9948 15.1686 -21.8393
174.0005 24.8929 53.5589 12.8810 -10.3725
170.3099 300.5052 137.3646 70.4172 19.3402
333.9195 77.7926 53.6879 14.1981 47.5212
42.5689 134.3053 52.9573 13.4735 110.1677