242.7563 247.7646 247.3518 188.0845 97.8269
282.7972 256.9110 135.4842 100.8586 99.9330
155.5884 112.7455 31.2287 24.4056 98.1755
108.7631 207.0635 24.1016 19.5674 94.4283
229.9104 63.0428 23.3966 16.8391 81.4045
144.7836 403.1099 22.9466 16.8451 98.9531
316.6537 65.9375 26.7274 21.1388 93.3810
355.8006 377.5502 27.1032 18.2358 105.7728
291.7844 433.5283 19.8192 16.0938 105.5965
282.3298 255.0366 149.1211 112.2090 100.2570
367.5759 117.6471 21.0376 15.3080 94.9638
276.6419 248.8059 164.1666 135.3746 111.7721
192.9011 241.4900 239.5943 189.8754 98.9448
150.2185 115.3875 16.9458 15.1609 110.4974
258.5663 354.4767 24.5222 16.2250 15.6889
395.1966 294.5733 20.2671 9.2150 99.9631