34.9552 150.8181 14.3348 11.8098 -3.7718
124.7193 110.5965 81.7213 65.4881 -0.7447
125.0985 125.8064 34.7963 27.6555 -2.1702
124.3685 112.9607 120.7513 97.7211 -1.0131
75.2220 41.0901 13.4489 9.0782 -5.0963
123.6402 30.0728 16.8277 12.3443 0.6726
97.2160 192.9448 10.0273 8.0734 -3.5187
178.2281 180.9072 14.4277 11.6518 1.0232
209.5297 67.3856 13.3668 10.1179 7.9587
125.3836 115.8042 74.1326 49.9691 -0.2157
126.0159 127.4119 122.2283 105.5858 -4.1650
52.1317 50.7292 9.1567 6.9264 -13.1147
224.3910 85.4693 8.5880 7.2255 4.6289