299.6977 298.0252 279.0011 266.4838 128.8556
301.2622 300.4748 128.3893 106.5311 132.1066
149.5748 334.7971 19.2481 18.5260 -34.7818
478.8498 296.2500 18.3364 17.5823 -38.5430
398.5887 161.2080 18.9761 18.1919 -17.0110
400.0323 445.0549 19.4336 17.7187 114.1691
319.7954 476.2717 27.2320 26.1084 123.5593
166.1588 242.7109 26.5353 21.9884 -38.4495
456.2016 216.7467 27.7207 24.7993 123.7193
513.2752 343.8115 20.2492 18.2373 109.2793
173.0478 477.9232 23.2213 20.1755 -7.4348
237.9817 466.2493 18.9921 18.2466 -39.9717
268.9237 518.2252 22.1526 19.9418 -10.3699
461.5147 440.8980 22.1260 18.1459 126.6662
373.5535 500.5538 20.8464 16.0788 -16.3399
225.7115 174.2110 17.3925 13.4987 128.1647
514.5424 237.1010 19.6381 18.6583 103.1183
159.4532 175.5091 18.1883 15.4803 0.3747
460.0481 149.8560 17.6414 16.8212 99.6635
255.8439 110.5011 20.8502 19.0478 -41.7879
313.2864 311.3708 139.0516 127.1764 -34.3703
125.3946 401.7392 15.2479 6.7923 126.9007
109.2278 282.5600 22.1523 16.8641 39.1585