182.8750 125.4473 114.6146 106.2778 134.8621
129.1634 332.3033 104.4671 79.2364 -3.2541
354.8065 283.9376 118.9736 74.8215 8.3312
129.7808 318.3547 45.7855 30.2097 -3.6280
184.3934 126.5154 49.4020 34.2768 -44.1548
353.2439 290.1081 67.5842 34.4804 7.5487
143.2956 97.4364 8.8117 7.4331 -21.8783
127.4698 131.2695 8.7895 7.3368 -21.5202
237.5491 80.0083 8.2415 6.6747 -32.0555
308.2328 328.3157 11.0150 7.6540 3.8998
211.4566 190.7245 7.8658 7.0729 -28.4782
354.3150 298.8726 116.9136 81.5424 7.2672
193.5188 135.6049 53.4643 43.4115 134.1640
254.9570 105.7110 8.5312 6.9349 -30.6012
354.8528 276.6490 70.7271 41.5484 6.1163
188.0184 305.5507 8.7498 5.5330 -4.4816
179.0997 198.3808 7.9197 6.6195 -11.3758
276.7381 244.5723 9.4128 5.5533 5.3680
356.7898 340.7954 10.8827 7.2611 8.3620
113.3541 359.2194 9.7507 6.3991 -0.6882
447.1536 283.5869 9.5974 7.1299 17.3219
431.9620 254.9901 9.6720 5.5380 4.2418