313.1869 312.4970 128.6431 100.6219 109.4126
283.3743 304.0934 298.7991 235.0175 107.3124
71.2469 388.5675 17.0177 13.8069 127.3565
470.6680 358.7030 33.0939 26.7927 102.8129
153.5650 118.8753 17.0850 14.7390 98.8540
342.6021 513.9665 37.6293 28.0098 92.3929
448.8174 161.1444 38.3423 28.2484 112.2571
218.8686 568.0861 15.3950 12.7054 109.3453
242.1860 289.8402 294.7679 235.1315 107.9391
179.1318 191.7383 124.0677 40.6260 124.6189
163.1840 470.6826 28.1967 21.8867 -40.6762
289.2562 305.3671 124.1403 89.6685 108.0362
176.7587 474.3275 41.5661 30.4569 119.1957
146.1625 263.6733 38.5125 33.5878 71.6800
429.8233 482.5389 16.3842 11.5607 102.2012
288.8496 105.3421 42.9488 31.3980 95.8678
373.9796 47.1171 15.4740 12.7228 20.2176