402.5687 83.7902 47.1519 45.3922 6.1079
77.8521 217.8764 29.8238 29.0038 -18.5824
403.9131 195.2850 54.7962 53.0434 0.5761
289.9851 199.0203 36.2299 35.0107 1.8976
150.1232 129.0784 15.3398 15.1888 33.8057
218.0969 230.7636 15.0307 14.0777 103.9696
215.8218 113.7290 21.8759 20.3683 -33.2256
78.1505 139.7066 25.8082 24.9956 101.9187
75.6504 73.2859 22.5538 21.2982 52.8115
149.8310 185.7700 11.9149 11.6030 127.2965
288.2100 87.9153 40.7660 38.9278 -35.2391
149.0615 70.2641 18.4312 17.5080 65.9924
119.4187 207.4591 5.6765 4.6786 5.0843
80.5315 215.5877 23.5962 21.3752 27.8836
216.1915 113.4311 7.1551 6.6244 -24.1530
172.6517 224.3879 5.7917 4.3611 18.8178
338.6297 210.9227 5.5937 3.9783 16.0556
175.2382 169.4849 6.0233 4.4896 19.2440
174.0684 242.4200 6.2581 4.1688 -19.0859
471.6344 238.6643 6.0747 4.4988 13.0808
465.7170 77.3582 5.9173 4.7597 5.6601