511.1951 227.4975 25.1847 24.2096 92.2778
236.6067 284.6075 16.5446 13.6829 -40.2233
455.2855 225.2209 26.3083 23.5264 115.4358
739.5989 433.1184 20.6386 18.0922 82.4635
589.7215 229.7762 20.1179 18.7287 87.6790
495.7421 68.7574 13.9593 12.5461 3.2993
490.1472 136.1432 17.6932 16.6629 -21.0964
468.4216 420.1735 19.9692 16.0257 111.9765
487.6246 173.6099 12.4433 12.0110 7.9594
726.9726 234.5743 17.7198 17.1329 13.9157
849.9579 209.1820 44.4620 36.3879 43.5065
512.0354 301.8938 12.3756 11.1387 88.2696
722.4820 169.7883 15.8531 14.3311 18.7475
475.7569 328.3250 22.1777 19.9766 99.5540
387.4274 68.2038 12.0969 10.6869 -34.3888
285.1686 65.9472 14.0829 11.7649 -29.4638
602.1574 429.7285 15.8517 13.1458 95.6967
134.4328 182.8110 46.5761 33.3682 -43.4921
332.3776 112.5085 18.0134 14.1459 -18.2857
603.8151 71.4491 11.0353 10.3500 -26.4548
715.2591 72.8745 14.3096 12.2515 12.2103
252.0075 219.1799 17.8949 14.4829 -42.8955
379.1940 222.6322 20.9460 17.0546 128.5299
336.9950 415.0530 16.2242 13.0775 107.1946
477.0194 282.4104 14.6831 14.1988 122.8282
781.6331 129.6557 21.3177 20.8998 89.4242
521.5098 157.7285 11.2689 10.6483 -4.4760
634.4466 225.4130 31.2729 29.3347 130.7433
211.4884 409.0124 19.5388 14.7177 112.0237
551.9574 245.1105 9.7162 9.0143 75.5500
133.5738 183.4409 60.3672 47.4842 -34.8455
314.9676 214.4741 18.3087 15.1354 -34.7656