193.0809 89.2095 36.2687 29.5470 -4.9064
404.9474 84.4520 35.5220 29.1537 0.2302
187.0230 262.8960 86.6812 72.6335 -11.0645
391.1792 256.4081 94.5957 80.8077 -3.5111
462.7721 410.7081 65.1801 57.0461 0.4296
129.9758 422.7239 51.1024 44.5772 -14.5505
291.1114 404.8189 79.5355 69.0478 -8.4253
882.6965 91.8507 83.0815 68.6560 10.5937
632.3552 260.8087 41.4626 35.0925 6.0768
926.4968 257.0509 55.4702 44.9888 9.4185
665.6572 87.1822 73.6518 59.1224 1.9434
762.7029 260.6200 69.4391 59.9350 9.8987
404.5846 82.6521 18.3227 14.9837 -0.4590
622.3358 390.9759 49.8161 43.5515 111.7331
463.9153 456.2052 39.4082 20.1677 -0.2464
756.1468 266.1041 66.7370 57.5246 39.7423
747.1791 365.5673 100.0500 71.7428 105.0478