121.5017 145.6645 21.8734 13.9372 -2.3225
214.9493 117.4487 24.4551 14.5409 4.7430
179.0363 149.0104 24.4524 15.5947 3.4318
104.6399 95.9010 14.6354 8.0654 -3.9882
139.4497 154.8353 121.3315 85.1601 -9.3663
52.7744 73.4433 22.1632 12.1172 -6.2015
94.5574 119.6030 17.9726 10.7257 -4.8732
36.1185 105.6043 22.2130 15.9494 -7.1550
91.3678 57.4526 17.1224 9.6572 -0.9445
186.4471 80.6006 6.4360 3.6315 -0.5183
205.7731 85.8434 5.4040 3.1363 3.5686
130.5664 48.0843 13.1302 6.6817 -1.9750
130.4755 82.3374 11.2180 6.1275 -1.1378