249.6352 311.7153 247.1507 151.2251 -1.7171
249.0287 299.0916 130.8416 78.9917 -1.6398
227.3964 279.3770 16.9979 12.1718 -4.5975
350.1052 420.1657 17.6489 11.9840 4.4165
456.0343 334.7694 16.9744 10.6019 5.5549
55.8306 257.3696 15.3903 9.5781 -3.8535
164.5952 189.7305 14.3738 8.6154 -0.3318
42.1764 130.1735 15.7718 9.3811 -2.7657
460.3698 145.2906 16.4827 9.4591 4.8801
312.9214 182.1082 14.9395 8.0789 2.0907
432.2059 237.2181 15.6911 9.0549 5.7922
247.0738 159.8596 246.1352 155.6321 -2.9678
401.0652 57.5624 15.2572 8.8007 2.2498
171.8717 429.7627 17.9194 11.5061 -0.0529
249.1411 142.6674 141.2049 85.3664 -1.6520
266.5188 21.6282 14.3472 8.5538 3.3613
123.8908 48.2694 14.9720 8.4337 -0.5653
249.7087 164.3982 123.1014 69.6831 -1.6792
49.8901 356.9324 17.1549 10.6349 -7.9667
251.2235 342.0102 244.2022 154.0099 -1.8720
248.1555 150.8220 125.0798 74.9655 -2.8763