287.0796 201.3044 127.2725 74.3188 103.6193
278.0790 199.3029 194.7631 115.1810 103.3349
202.9529 131.8643 13.1116 9.0112 99.4601
113.6213 159.4342 115.9935 107.9887 14.3786
182.4903 204.5598 13.5118 9.0982 105.0069
239.4144 73.9695 12.8813 8.4277 99.4146
181.6391 275.5400 12.8785 9.4608 104.0840
323.5372 38.6055 11.6382 6.6409 93.6887
282.3948 42.2225 12.4060 7.3989 94.8701
386.3021 149.2646 9.7127 5.3455 101.4606
201.4608 330.7162 12.1463 7.8925 108.7148
274.1001 204.8339 124.8628 66.8633 106.8655
233.0520 360.2505 11.6188 8.0594 114.3302
343.0322 306.6732 9.6463 5.4971 105.7366
310.3402 343.7267 10.1779 5.4250 112.5146
272.0781 363.4978 11.1556 6.7611 106.3779
383.0208 204.4900 9.8946 4.6071 102.7076
368.7559 258.1975 9.4122 4.7522 104.9502