241.2503 83.6075 74.0564 71.7047 118.2848
256.5195 86.7570 22.3176 22.0045 110.6426
206.6003 123.3898 8.8185 8.5406 119.7386
281.2973 47.1378 9.3561 8.5534 107.0196
207.4376 46.8367 9.1635 8.4812 119.9112
84.7665 91.9462 25.2156 15.2684 89.6321
93.2065 92.4029 41.8743 38.8821 106.6076
53.6447 141.1274 10.3009 10.0908 75.4211
191.3203 85.7861 8.7339 8.5372 -16.5917
129.9458 45.4521 10.7432 8.0308 94.0718
241.9922 138.2973 8.8632 7.8874 119.7923
50.1623 43.8111 11.9374 10.2129 84.2040
243.5814 85.1799 36.9559 34.2790 106.5835
33.8499 93.9112 11.4929 9.8757 77.1033
92.4891 25.3126 11.8604 8.5426 92.4142
226.3578 218.2749 117.7207 31.4930 1.3660
278.6738 122.6683 8.5569 8.1029 117.2564
83.0578 89.6274 90.2154 84.0067 82.3599
145.0958 89.4154 10.7410 7.0997 100.8378
245.5874 30.5382 9.2222 8.6825 114.0049
294.7065 85.1110 9.4283 7.8945 110.1961
93.9328 155.6968 9.9233 8.4552 109.6660