243.9958 302.6465 59.6526 43.4462 -6.1162
169.5168 360.0305 10.4492 8.1380 -8.2746
110.6138 141.4594 36.3021 26.4263 119.7952
115.7276 148.5865 49.2642 42.4998 108.0024
110.0568 140.6264 91.6592 84.7422 119.3072
260.3391 134.7915 100.4006 73.1572 116.8938
239.3825 384.6934 10.5623 8.4079 -8.1872
245.9796 322.7198 117.3593 94.4495 -4.6253
313.5264 360.8885 10.4259 7.9543 -0.9287
88.0028 84.3257 9.9301 8.9094 116.9281
243.7279 304.7676 68.0681 55.8505 -1.1942
184.0931 259.9842 9.2635 6.1855 -2.5773
330.5973 271.1144 102.6240 65.2989 0.2392
407.7221 244.0332 8.5036 5.1318 3.1357
149.5681 307.4552 10.0659 6.6354 -7.4786
47.9005 279.9691 9.0347 5.1044 -8.3305
341.9600 306.6096 9.6695 7.4000 1.9688
107.2133 265.8606 84.5782 62.3895 -2.8094
212.7527 129.4825 9.4301 6.4324 127.2118
312.8648 258.2084 9.2843 6.6839 0.5327
320.9263 153.5988 7.6536 5.2907 124.9329
192.7580 221.5742 7.9697 4.6247 -3.6923
249.8813 240.8803 8.5749 6.1594 -1.6841
325.1881 247.3635 57.0052 23.0596 5.6364
145.1992 201.6949 8.9183 6.9319 127.4107
407.7372 280.7170 8.9886 5.4760 3.6332
326.9255 97.7994 8.3775 5.1329 118.9838
101.9095 300.5898 9.1938 5.1201 -9.3494
251.4145 74.2026 9.0923 6.4366 123.0409
58.2974 187.0494 9.1256 7.5957 121.4254
43.5789 244.2044 8.3765 4.7866 -9.6359
363.6315 218.2041 8.1774 4.1281 1.4366