406.9564 552.2042 35.5028 29.8976 14.7005
171.4755 502.4620 35.0846 27.8749 -5.9876
605.2870 448.0495 35.4779 25.5680 12.2470
364.6634 264.0881 186.2109 165.1527 -11.4064
67.3366 343.5150 34.0474 22.9482 -7.0281
137.2484 186.5676 31.3739 18.1795 -2.5594
638.9049 276.5339 30.9294 20.2881 5.0828
494.9897 507.9571 40.4265 18.1532 -21.8847
517.8151 143.4228 24.9380 16.8327 2.4368
279.0818 560.0859 91.4696 20.2157 11.9268
59.5226 264.2683 51.7247 13.1118 112.6314
640.3722 233.5174 8.9308 7.5412 8.8391
616.8295 273.4448 15.4375 11.6639 65.2882