245.0586 134.2463 30.4548 26.4369 -0.6190
129.3396 156.6866 25.1077 22.4660 15.5650
134.6608 19.8808 18.7901 12.8371 -2.0229
170.7259 91.7126 18.6327 14.5619 -8.7529
196.7667 201.0170 9.8150 8.1516 -0.1919
59.5443 37.0279 26.3097 20.3128 -14.0649
214.9869 32.3225 20.4026 13.7127 -5.4599
54.3174 21.8841 17.9476 12.6011 -8.8794
59.8204 39.1719 48.3720 35.6786 -9.3444
242.6963 139.7957 55.5479 42.4629 15.3757
20.6021 160.0185 9.7283 8.1632 -19.9094
11.9855 108.7815 8.9524 7.1122 -5.3018
88.7465 160.3934 6.4131 5.4393 -9.3202
86.3236 15.0087 6.4182 4.1648 0.6129
123.5438 156.1208 46.2659 36.1035 -15.3909
63.4843 199.7679 9.8207 8.7650 -24.1027
205.7079 151.5214 6.9098 5.6946 16.1766
97.5196 31.4037 6.4434 4.6281 3.7416
223.5800 104.6079 6.5446 5.4395 3.6404
34.2316 61.1514 6.3498 4.9126 -11.0755
125.8607 150.4248 17.4740 12.4531 0.0307
189.7828 69.2214 6.4297 4.9605 3.5178
174.8506 43.3677 6.3982 5.4247 5.4247
125.3953 65.8459 6.6506 4.9063 1.9158
315.7445 148.7152 8.8471 7.1949 33.3730
281.5684 120.9032 7.1249 5.1413 -1.0611
246.7566 66.5410 6.8598 4.8506 12.6500
127.5396 127.0967 6.3524 4.2272 5.6845
265.9408 169.1366 7.3599 5.4768 11.5501