727.1402 330.7896 68.5705 60.7024 51.8282
128.3547 449.6276 10.9643 10.4474 132.5219
485.6370 439.6835 134.8705 131.2302 53.8476
281.0725 293.0532 63.9064 55.6349 -44.5596
273.9273 290.6044 126.5991 119.8273 -29.8673
658.1735 250.4324 11.0381 9.7220 4.1780
108.6251 167.6665 52.3634 35.2687 -41.7598
484.9445 435.7974 72.2561 69.8084 53.6394
305.2687 52.3814 63.1939 58.3433 -15.1835
599.2273 208.0427 10.0362 9.9359 130.7218
536.4499 88.2284 10.5870 9.9179 15.5641
408.3187 143.4643 10.4207 9.4754 -16.4599
205.8403 218.8760 10.4024 8.9106 -28.2331
449.1743 540.0650 12.2046 10.8451 88.7961
198.9374 359.7633 11.5115 10.0240 118.1707
656.0826 397.4474 10.7416 10.3632 51.9921
46.2830 404.3272 66.6150 57.7221 119.5162
518.7349 333.2436 10.8635 9.9803 60.5229
168.5125 202.5100 9.8058 9.3618 -31.6454
216.2966 25.8819 9.9200 8.5043 -33.5533
347.7125 216.8311 10.0801 9.0343 -23.4914
632.7292 70.9912 9.8715 8.4803 24.3987
498.3384 187.6140 62.6426 50.0053 18.5658
468.6126 266.7750 10.0430 9.8394 -43.7229
33.2422 228.7733 10.3457 8.4366 -40.8426
143.9970 497.9643 12.0115 10.5514 105.1199
271.5700 137.9025 9.5407 8.7067 -13.0048
503.7788 179.9285 123.4163 114.4878 1.0373
81.9131 570.1665 11.2257 9.7761 115.2898
94.1069 312.3683 10.4292 9.2745 -35.1118
246.6365 544.2978 70.8726 61.1747 87.5362
730.5142 332.3150 132.4483 121.5331 41.5155
288.6579 444.9035 11.3614 9.9773 99.4369
490.0144 22.1786 10.4130 9.3129 -17.4108
384.1868 396.4855 11.5926 10.0364 108.0828
396.5955 79.6183 10.0896 8.7776 -11.2624
693.3507 496.2767 11.9230 10.3377 7.1876
728.8494 80.1849 120.8110 102.7338 23.4448
737.4617 167.0115 9.9936 9.0603 23.0967
693.1828 581.3816 58.9678 44.9459 -17.4600
105.0431 152.0536 51.4105 31.5627 -27.0490
98.5886 156.1044 59.8504 50.1549 -30.0370
347.1393 358.0077 10.4642 9.5104 127.6569
22.8125 105.1191 10.0044 8.3465 -28.9083
79.0710 22.8437 8.8106 7.1312 -19.3819
589.0276 472.7178 11.7862 11.7215 -31.8371
49.8863 395.6473 116.1446 111.9692 128.2344
151.4971 79.3154 9.1214 7.9249 -1.5452
335.2821 591.6456 11.3034 5.7857 2.5748