864.6622 607.9638 30.6509 26.6049 50.9056
767.9226 344.2370 29.3157 25.9075 76.0388
840.0481 467.1340 29.5435 27.0840 63.1358
548.8852 231.8441 27.4092 23.5180 79.3764
41.7839 159.2644 22.1300 15.7427 82.1616
889.9515 167.9702 19.2817 17.2064 -21.3337
226.1239 564.8983 23.2988 16.4253 69.8097
181.8829 637.6802 21.3204 15.0004 65.0207
961.1501 227.6495 18.3216 17.8455 90.8448
329.2319 627.7362 23.6920 16.2428 69.5127
612.3840 534.6506 171.3698 127.8142 63.0337
307.7826 517.7115 23.7682 17.6784 70.0207
115.1822 187.6516 23.0685 16.6643 84.4668
445.9533 253.8000 25.5364 21.3137 82.0242
381.7129 730.3306 24.5824 16.7876 66.4253
690.2386 544.7694 16.0518 13.8387 52.1950
662.3553 262.0221 26.9572 25.2178 85.0017
242.4439 465.1968 24.2241 17.2541 72.9861
836.7588 734.9125 29.3692 24.3136 43.5602
180.8728 258.8217 22.7180 16.5750 74.8971
932.6242 422.0416 21.6614 19.8339 44.8474
366.1300 316.8023 25.5074 18.9662 75.1834
985.2615 644.9971 34.3082 29.1360 31.6023
480.2884 178.3705 16.6507 15.3871 96.4493
804.7169 143.1599 19.7163 17.8181 117.1546
425.7486 128.3488 16.3278 14.8379 59.9545
90.8573 423.7559 113.0840 56.2561 71.4328
46.8972 420.0392 176.4999 117.6208 76.6113
829.5033 52.4997 8.8274 5.5907 -10.5192
361.8284 107.2524 16.8328 14.7059 76.2110
866.1331 315.1836 20.5223 19.6927 96.0632
51.2283 668.0106 20.2601 13.4403 65.1063
559.7636 542.4847 204.4826 164.2943 73.1120
121.3767 670.9865 21.2193 16.1052 71.8099
569.2431 554.5724 276.6062 223.8080 67.4467
312.6794 407.1151 20.3129 12.3056 84.5654
723.5968 149.8169 16.3164 14.6591 12.6255
254.9676 179.9700 14.9252 11.5331 72.8824
911.7069 76.3914 9.3690 5.7371 -20.9456
403.8108 29.9407 7.2583 5.0830 -5.4035
223.8538 355.8392 25.7554 12.9108 75.4727
435.7684 32.1084 7.6603 5.2728 -4.1611
233.6081 95.7226 8.5085 5.3342 -2.8416
872.8866 55.5173 8.3916 5.6303 -11.5085
571.2318 558.3586 227.5351 184.2911 62.5232
635.9508 43.4515 7.4920 5.6617 -10.6714
301.3302 115.1755 16.0029 10.4643 53.9458
599.5080 40.1214 7.8097 4.7736 -12.1694
131.3085 52.6698 11.2065 7.3198 23.0848