500.9130 193.4461 92.3250 72.6098 114.3634
131.9525 153.9651 74.7546 53.3691 116.1560
129.8441 153.5902 140.0427 110.8001 116.2158
326.8727 185.8162 104.6767 78.7203 113.3800
328.1218 186.2193 39.9844 24.4670 114.3605
510.4314 198.5719 24.8064 17.1671 117.8478
76.3337 254.4176 12.8424 10.6823 94.0183
142.8848 262.1484 12.3614 10.0677 106.3303
46.3317 188.5699 12.7489 12.2608 114.3698
138.5224 157.4390 83.3140 63.3960 116.4074
491.9151 150.0863 12.6166 9.1978 117.3168
277.2405 235.2995 12.2216 9.7667 -35.1132
465.5399 236.6283 12.4166 9.6763 122.2964
138.0775 51.7650 11.9928 9.9270 -40.9915
529.5925 245.3959 12.0052 9.3603 118.3998
356.0001 248.7880 10.9001 8.3480 116.9674
555.5356 160.3655 12.0645 9.0464 114.8178
203.0070 65.1933 12.9159 10.5667 125.1773
389.0823 145.7423 11.1381 10.1572 124.1815
203.0541 211.5997 12.1952 7.6172 121.0806
70.5692 101.8821 13.3956 10.1840 103.8653
230.0271 132.6674 11.8799 8.9972 115.3393
315.0251 129.0010 11.8867 7.5637 131.9137