93.5074 107.6970 15.3065 13.4387 -36.7327
132.7359 185.8430 49.1526 30.7405 -13.8457
94.1644 106.2438 29.4045 26.2049 -32.2570
217.1896 166.7018 48.0745 26.5699 1.1753
265.9116 101.7923 19.2018 16.2122 40.6284
191.5971 83.4096 14.6467 10.2214 -33.3980
129.5804 70.9347 8.3018 6.2635 -39.5847
41.1597 108.2645 8.3455 6.6834 -28.5994
53.5389 140.3551 8.3392 6.8146 -40.0553
138.8866 102.6819 7.8761 6.6421 128.1471
334.2870 143.7825 35.9239 33.5072 -28.0734
269.8573 96.8211 49.3936 45.4354 43.4386
120.9093 135.2321 7.3317 6.4327 -29.4694
185.4522 64.0256 38.1285 23.9632 -22.0950
92.6137 107.4241 68.7430 62.4205 -34.7598
137.0170 178.6439 20.5574 11.3426 -12.4370
84.8153 95.8109 67.5801 60.9543 -28.8836
192.9450 117.9450 5.6950 4.6015 135.0000
247.9345 175.4400 7.2474 4.4716 1.6939
86.6676 150.5326 8.1300 6.4489 134.8288
96.6871 57.9952 8.8805 6.6399 130.7536
296.0420 86.5131 6.1374 3.3235 43.6702
232.6739 88.3397 5.9343 4.6570 41.4202
59.2664 73.6596 8.8446 7.2651 -26.5435
169.3469 112.6829 5.7646 4.0154 -27.0505
287.3738 130.8035 5.9421 4.3210 32.0616
329.1937 168.6202 5.6220 3.7599 65.4767
245.5708 69.1629 6.4430 4.0893 45.9813
169.2045 66.5235 6.0407 3.8583 -31.9719