165.7728 160.7347 23.5953 17.8854 -17.1302
169.2583 170.7957 58.8457 49.5406 -21.3929
237.6984 85.3687 65.3598 36.7772 2.0537
103.5672 82.6822 31.6387 21.0169 101.1156
149.8954 41.4850 45.6243 23.3587 -2.7584
119.8471 128.3199 9.0123 6.8258 117.2825
236.5590 84.5764 33.8363 17.4331 3.6007
57.3897 73.5580 47.9736 43.7343 59.4543
89.6549 133.0455 8.5216 7.4531 116.1493
200.6757 183.4923 8.3658 6.3332 -18.9834
92.1089 68.7563 81.8224 61.2426 83.5241
134.9105 144.4905 7.2647 5.2528 -14.9326
135.3672 193.8233 8.0492 5.5172 -24.2996
92.2847 32.6482 9.5544 7.5593 100.3424
67.8562 68.7324 7.4232 5.4700 -30.6666
123.0398 32.8158 8.5972 6.9848 91.2342
190.5148 73.4806 7.5508 5.4740 5.7549
223.8139 110.3384 8.5455 5.3826 1.6107