69.4993 262.0302 19.0431 17.7484 83.3898
363.6052 175.7623 112.1689 99.8053 48.8197
294.3691 152.0075 21.0574 20.0232 56.1796
437.7921 188.7668 20.5528 18.6185 52.9135
377.3734 102.7418 19.8935 18.7063 37.2447
128.5319 200.6849 25.3246 24.6824 -35.4661
355.5586 242.4790 21.8983 20.4451 45.3679
228.0197 43.1924 17.1858 14.8763 -6.8854
131.5391 206.9101 118.3733 113.8692 126.5588
187.5520 260.9589 18.8849 17.9724 113.1536
367.6572 170.2009 28.7915 27.0503 38.9297
75.7390 147.6180 17.9461 16.7730 105.5976
130.2155 203.8449 56.2786 55.1506 -37.2750
189.4799 142.7612 17.5781 16.7115 27.9365
213.1537 108.7792 24.8423 22.2551 -10.5742
368.6469 169.6163 45.3860 41.8453 44.9021
211.9297 105.4977 111.4165 92.7125 -1.2811
132.6186 212.5053 44.9004 32.6877 -30.3623