415.4415 173.2039 27.3433 17.2057 0.5877
452.2367 340.1780 52.1430 51.5287 80.4118
515.9735 403.2215 19.0202 18.4055 21.5167
205.2340 403.9667 19.7813 18.4579 18.7753
386.5654 402.1290 18.7148 17.6520 63.4684
580.9331 293.0975 23.3654 13.2700 -3.2274
70.7126 280.2284 19.3872 19.1769 39.9112
321.0088 188.6284 21.6003 13.5647 1.1775
140.4143 337.1298 31.7600 24.7510 16.4355
53.6382 129.6424 20.8822 13.9796 6.2848
138.1061 339.4340 52.7760 48.8363 28.6444
452.1298 336.7575 28.5090 26.6060 -26.5785
200.2483 277.6826 18.0934 17.3562 88.2233
608.0871 181.3490 25.2773 17.0075 -3.9600
323.2544 286.1819 18.9078 11.2306 -3.8486
78.4921 405.5893 18.0290 16.0658 38.8027
501.1310 222.1821 63.5401 42.1434 -3.8091
152.8409 192.0797 22.0755 14.1732 11.8547
137.2862 341.3708 38.2564 33.8976 30.9796
519.7619 276.5871 19.8727 17.5020 85.7709
388.7275 275.0529 19.5180 18.1282 -30.6829
449.9211 346.6140 35.7437 29.7997 13.4812