175.2285 96.0811 37.8814 23.7780 -19.2728
175.7656 96.4294 57.2640 35.2490 -20.3277
561.2316 263.5544 28.4868 24.2830 17.4380
486.1968 167.8438 58.0155 41.5566 4.9906
365.2314 213.4406 26.4717 20.2608 1.3500
485.1463 167.3546 44.4007 32.8968 8.0276
485.7861 168.5003 71.5207 52.6175 7.2886
591.0148 123.0114 23.9702 16.3860 18.1457
67.3312 133.9631 21.3858 13.3304 -25.7131
424.2475 88.2195 21.7799 13.9529 2.9303
202.1803 169.5327 24.1759 17.5344 -22.0972
279.3507 60.0755 20.4537 12.5207 -10.6790
154.2705 36.2007 19.6168 10.8097 -16.9451