101.4188 63.8863 26.1055 25.0013 -10.1139
375.4210 174.9207 32.0905 24.3287 130.9145
155.0604 122.0427 10.3618 9.0682 -13.5399
289.4799 52.8459 11.5008 10.2710 122.7884
106.7292 168.5764 10.4682 9.0795 -5.7873
106.7534 127.2478 10.9050 9.5505 -14.3550
153.7659 162.5105 9.9014 8.4826 -19.2592
56.2205 133.0464 10.6671 9.7185 -3.7192
57.4699 174.5784 10.2428 9.4994 -11.3446
111.2666 218.1322 21.7354 14.2497 -6.0948
426.2120 159.0878 5.0518 4.0062 8.8365
375.5530 178.9656 40.4625 30.9458 -43.1605
43.2355 4.1909 9.5499 6.9969 8.7580
514.2252 174.5368 6.5392 5.1278 92.1652
504.2557 85.5000 6.7212 5.1987 90.0000
164.1920 59.2626 6.0505 5.4351 10.6704
487.6324 48.7124 6.1563 4.5506 81.3827
382.4201 45.6756 7.9283 5.8965 -41.0443
335.1574 175.1520 6.5008 5.8034 114.6122
332.6816 201.0727 6.8544 5.3063 -34.1916
417.8209 139.4147 5.4909 4.5770 14.3057
533.4307 65.6260 6.9669 6.0375 62.3985