352.6692 160.0764 121.1346 116.1302 72.4642
319.7949 219.3809 13.6931 12.4789 -10.4533
433.3138 133.9723 14.5124 11.8380 -21.4833
276.7636 147.3404 14.7291 12.5749 -2.2938
125.3678 158.2805 106.1301 46.3332 -4.7931
359.7748 255.9452 13.5620 11.6616 -8.4139
396.7342 212.6214 13.9349 12.4990 -13.2604
356.9436 180.3219 28.2940 25.3838 -14.9780
123.7224 177.0029 13.4822 6.1293 -4.2730
133.9131 236.4166 100.6995 49.0143 -6.2782
63.6993 183.5235 12.0395 5.5945 -3.0712
134.2126 202.8276 107.7853 55.9433 -9.1814
107.8964 123.1095 11.8835 5.2412 -4.5629
204.0181 157.9465 12.6555 5.7817 -3.4103
355.6101 138.9849 28.9216 15.1863 86.9124