138.1671 208.0797 30.0914 28.5345 -20.6153
557.0683 202.3857 31.0474 28.4486 -41.0932
67.1564 118.9091 15.2076 14.1723 8.6585
341.7982 185.9781 161.9991 153.7952 -44.1081
73.5153 254.2928 15.5420 13.6094 -19.1676
258.4023 369.6478 12.8381 10.8379 -18.5497
148.7472 361.5813 14.4514 12.9990 -9.6297
154.2681 113.7569 13.1108 12.6768 52.4574
524.2052 261.0738 12.0152 10.9277 17.6583
273.0534 1.1042 12.4621 12.0839 97.0372
556.1726 203.4634 15.8668 14.1834 112.1544
535.4762 110.4955 12.3373 11.4541 33.5150
511.5754 330.9598 18.0491 13.8188 13.1535