228.1768 286.2254 13.7673 10.6718 46.9807
272.5087 200.8066 15.0972 12.3606 32.8638
179.4265 177.4096 138.6140 121.2675 52.1215
166.6962 298.3795 12.2852 8.4558 46.2580
91.4726 244.9987 66.6951 50.1176 51.9490
96.6564 241.3880 108.9268 78.2294 52.8498
207.3899 95.0578 14.9505 12.4058 66.9131
124.2636 327.6513 12.0036 8.8817 54.5525
20.9724 194.2011 12.1179 7.9696 51.7066
58.3974 160.8055 11.8634 8.9365 61.6200
119.9471 176.0101 12.7468 9.0205 47.5179
77.3126 264.0739 29.6894 28.8377 47.5371
166.7245 235.0585 12.4328 9.5587 45.0821
328.4947 42.8442 57.1298 38.1316 -7.0809
16.7172 223.7594 7.6570 6.8844 64.7740
263.3186 254.2560 8.7656 7.3507 36.0251
48.4408 214.9720 7.3139 5.3353 45.4933
172.7894 269.5851 7.8868 7.0440 75.4372
120.4559 273.5568 7.3898 5.4371 59.3177
47.7120 274.7236 6.9747 4.5366 53.3933