452.8828 216.7545 34.7626 16.1180 1.2885
219.7198 276.5412 36.1594 18.7426 -3.7309
74.6457 192.4283 31.9257 14.2436 -7.0170
264.5749 66.8845 132.2391 50.2205 -3.2481
234.0049 456.2598 33.0070 21.2521 -3.7228
273.0425 197.2361 261.0121 117.8177 -2.9641
367.5385 272.3441 16.5053 8.5835 0.9864
93.9642 251.1397 15.2381 7.8832 -7.0821
264.3947 62.3808 104.9555 37.4053 -3.2233
479.5406 158.4971 13.5894 6.5782 1.1811
282.9177 409.6966 235.1523 146.7339 -2.2405
269.1128 128.2517 133.8269 59.8935 -3.3832
484.3675 409.3025 52.6578 17.0873 126.4443
102.3380 138.8993 12.3969 5.9017 -5.7941
295.8115 302.9674 6.1924 3.9849 2.0295
452.4028 260.6194 5.7490 3.5666 5.4763
352.1793 54.9185 16.6200 14.8642 36.5974
219.7668 520.7296 7.2606 5.2435 19.0158
36.0000 230.5000 5.0779 2.6906 0.0000
235.0166 166.9275 5.2790 4.6590 27.3393
366.0833 76.4921 4.9469 2.7021 0.5256
126.8110 288.6588 5.9634 3.4888 -6.1402