317.0497 883.6887 29.8206 23.2237 11.7041
906.3393 866.8122 29.2739 22.7093 -15.8410
964.8582 281.1974 36.3139 32.9124 130.4536
432.9488 402.6196 46.4764 41.5453 109.1903
776.0733 401.3697 45.3634 41.0453 107.9535
595.6199 560.8640 123.9139 109.8185 131.6453
450.6706 707.8675 18.0252 16.0105 3.3007
760.1610 692.8542 40.1094 37.2265 56.4462
605.4808 530.8489 519.2235 473.6350 -4.2143
450.0924 699.5647 42.1382 37.4881 112.7709
248.1791 281.9513 35.0457 28.2472 40.1805
957.6949 277.2981 30.3049 19.5043 -30.9166
762.8746 703.5748 19.4935 14.7385 -1.1498
628.9805 552.4433 305.3301 252.1990 18.9704
632.0873 592.5018 75.0069 47.6173 3.7939
421.7138 418.8915 14.1128 7.5273 45.7073