18.5278 168.8800 22.4828 26.8416 209.2230
46.6404 154.7350 13.9925 23.5113 144.5050
86.4219 177.7250 11.8546 29.2744 159.7460
122.0330 162.5350 15.6366 24.4479 200.3070
157.9600 137.9580 16.1582 17.2061 146.5760
227.6920 142.8400 17.1242 19.2468 236.2370
286.4650 135.6710 11.2694 16.0704 165.4970
314.4940 128.1200 11.6929 14.1356 175.4220
250.3240 123.7720 8.3085 14.0809 162.3160
160.2880 124.9630 16.6410 23.6257 169.8010
133.8960 130.0120 14.9281 25.9643 173.0500
100.0140 131.0790 13.7838 27.5562 171.6790