183.1790 338.2230 77.7825 117.7720 179.0610
186.1840 341.1440 94.3903 133.2480 178.7880
591.9240 320.9660 105.4040 120.8050 218.6190
99.6811 127.9910 37.2597 46.5297 171.5210
570.5130 119.9880 22.2805 23.2122 195.9520
584.0550 320.8270 113.3650 131.0510 212.9650
424.8630 344.6860 33.0706 35.9766 255.0250
306.4700 123.9210 52.7390 54.9144 265.9460
396.6980 121.3660 23.6837 25.0609 176.0190
634.0080 123.8770 34.2002 49.9984 179.2100
484.2170 120.1070 51.7756 54.5658 284.4960
163.2950 122.6070 21.6152 23.3415 138.5220
223.4820 125.0560 23.9295 24.8048 303.4130
42.7514 128.7830 16.6648 21.9123 170.8880