170.9110 338.9070 86.6945 89.9332 212.0460
169.7290 338.1670 102.2940 105.0580 226.8230
485.7510 333.0420 85.2078 86.9490 154.4420
295.0440 291.8050 91.0340 93.7263 188.8570
605.1680 276.2520 87.1502 91.6572 187.6740
87.9771 261.7420 46.4733 48.5833 173.3150
484.8450 332.4010 96.0292 100.4680 199.3690
604.8580 277.8310 99.5040 102.6850 182.6990
295.8620 291.5140 102.0520 107.7950 212.8250
329.7450 281.8940 82.3356 87.0628 171.9180
482.6090 333.2290 27.4675 27.8682 226.9090
606.7570 277.5010 19.2479 20.8537 307.8110
314.6550 164.8510 5.4831 11.4955 137.9950