523.2280 616.4280 168.9250 170.8390 263.3710
378.6260 407.3990 29.1280 30.7536 157.9200
573.2760 577.7240 18.8586 19.7646 259.2250
525.5810 545.6510 20.4921 21.1034 153.8310
471.2160 559.7520 19.2533 20.4935 196.4180
443.3100 610.9100 19.0426 20.3129 255.4550
457.3380 665.2160 19.5078 20.8692 145.5100
506.7580 694.1150 19.3049 20.3237 301.0330
562.4770 680.9200 20.6474 20.8141 312.6600
590.3020 632.3730 19.3152 20.8445 279.6140
515.9940 622.6710 36.6514 38.6287 165.5900
594.9420 119.7320 23.6279 90.7719 268.9690
47.9235 363.5450 33.5408 56.7924 175.2310