129.6970 256.6550 70.2205 155.1570 173.9720
137.4420 256.8490 77.7200 158.5160 173.2820
109.5140 259.2170 17.8359 32.7059 175.8040
95.9483 260.8930 10.5745 24.5079 175.1250
378.6980 138.2070 8.6449 12.8830 172.5930
374.1680 139.4570 16.6464 23.6098 173.3440
347.6430 243.1860 13.0523 21.2003 185.3460
362.3260 243.9780 12.7312 24.7711 182.5530
372.9880 240.4880 77.4174 108.7890 178.2150
375.3630 239.0080 87.3614 126.3580 177.9130
380.1580 241.2890 93.8473 126.2980 179.5420
384.4110 395.4260 11.4908 11.8519 260.6740
402.7270 391.8560 7.3236 8.9629 173.1850
416.9890 388.8570 7.6814 8.4868 207.1540