612.9110 489.4060 96.2525 103.6400 176.1990
656.6150 340.8530 85.1170 161.5520 269.1500
954.1950 461.1350 128.3020 217.0840 278.1980
1006.2000 87.5220 43.0317 116.4390 276.4000
1008.8600 80.7223 54.9394 164.6390 276.0750
593.1260 49.3536 58.7660 182.1340 266.4090
293.0870 267.1560 68.6128 149.2930 261.6180
92.9460 204.6700 59.3748 160.4050 256.5180
280.9310 60.5280 13.0833 42.3799 263.3560
1238.8200 29.1013 23.6395 78.0792 276.2290
298.6340 300.4880 74.0480 163.2570 262.1280
514.4360 851.2330 23.3197 36.9460 299.4140
653.4710 348.3950 75.7233 147.1990 266.7840
1222.8800 120.9840 14.1372 42.8753 275.0970