250.6100 255.8030 75.7113 190.3090 259.4630
454.2730 143.8450 14.5833 39.9300 261.7920
867.8590 200.4510 26.9700 66.2251 271.7460
439.6460 45.3564 10.9179 40.5631 266.0480
617.1790 32.1955 23.6886 86.6406 267.1540
808.6900 26.5761 35.5116 148.8330 271.6720
1071.5800 137.7410 37.3897 110.5170 276.3280
1118.2700 166.0690 39.2686 131.3620 275.8140
1209.6200 77.3277 31.9698 126.9670 275.6320
862.0290 321.8000 89.9123 186.5530 273.4160
778.5610 113.7070 16.3228 46.5072 272.3300
847.1980 556.6490 50.0129 77.8354 271.2020
1113.6500 196.0990 42.5639 142.0670 277.0450
1071.9600 143.1860 31.1143 103.3540 275.9460
353.5120 10.5566 8.3174 36.9733 265.6210
644.8580 471.3210 92.5377 95.3959 280.5590
864.0620 237.8700 25.3935 71.3073 272.3890