1076.3500 195.8010 28.4783 83.4630 277.1190
836.5110 262.6540 67.6534 170.1750 272.7440
834.0230 268.3460 51.1676 126.6240 273.4060
482.4080 645.6160 120.4110 183.1840 263.3180
378.0410 291.7210 86.4273 208.6330 262.2500
843.7150 790.2540 181.7910 255.7670 275.3230
841.0230 826.1180 147.6520 224.1300 274.8060
44.3580 600.5080 100.7950 188.1560 252.4810
67.9649 697.7570 105.7770 181.3100 252.0660
138.5630 249.5570 53.0289 158.5270 258.7680
557.6550 93.7704 13.5731 43.9264 269.2860
437.9840 103.7170 11.0361 34.1515 265.6690
298.6500 156.3000 10.9493 39.4273 260.4440
479.7390 655.1680 109.2450 171.7480 261.1520
1063.7900 285.1500 19.5216 43.9205 273.5920
377.6960 290.2910 74.6817 190.1100 261.9840
19.2491 319.9620 19.7312 52.0157 255.6720
60.9019 469.7420 15.9125 38.3660 255.0900
482.0480 665.6420 76.9624 118.9710 264.2320
485.9300 663.1520 31.8965 43.8951 266.6570
53.0247 635.1530 110.5030 199.2340 252.4080
659.8930 416.3820 74.0966 77.0521 170.8750