372.0950 397.6770 29.2347 71.3272 272.5540
99.0061 447.1100 42.8243 104.3440 269.7330
156.3880 385.9120 41.2804 110.4030 268.9610
100.8300 308.3600 26.0702 72.7894 269.6140
357.7310 252.0840 21.7726 72.9201 272.2800
215.9110 216.9220 22.3337 80.7824 273.0350
421.4290 202.6090 17.0563 67.6850 273.7800
105.5590 127.2590 13.9110 57.2376 272.0130
215.7640 116.3950 14.4055 63.8486 269.8270
387.5380 103.4560 9.9873 52.5363 271.9210
61.1599 38.9998 8.4754 42.1112 270.6810
120.1550 74.8345 11.2472 47.1815 271.4130
279.9100 43.4902 9.2347 42.0302 273.8910
370.5940 42.8128 6.5374 31.2123 273.8610
459.1860 75.5356 10.2865 50.8726 272.7080
370.6950 90.0328 11.0885 60.0251 272.2350
296.3650 126.0360 10.5867 43.3820 272.1910
34.4083 88.6523 9.4874 36.0190 270.6380
58.4668 3.4953 5.5223 31.9110 273.2030
416.1030 7.7536 5.8491 44.3442 273.5420
468.2370 411.2090 30.9703 78.7207 275.2540
489.5870 196.6340 20.5335 66.7627 277.2740
475.0020 167.9280 9.0039 37.8930 273.3930
12.5611 169.9250 12.2036 40.9119 270.3770
356.2810 21.7139 7.8741 32.8103 275.7740
465.1280 8.0083 5.0156 32.7025 272.0500