238.0200 179.8140 58.0084 91.6785 141.9030
239.7320 178.5610 44.6204 70.8489 139.6120
238.7000 180.2460 35.9392 61.1607 140.2750
252.7040 166.9870 16.0181 27.3222 138.3820
84.2223 75.0251 59.9654 95.1584 136.0500
82.3544 77.2765 49.4110 79.1159 136.5140
84.9056 73.4804 37.5507 60.4027 137.3550
98.6454 63.8025 20.9049 29.0022 135.7790
287.4650 45.1270 20.9405 31.1106 313.4910
39.7103 223.9930 63.5055 90.6498 135.0390
47.8656 222.6570 37.6185 56.2204 135.1920
55.6839 211.6690 24.4416 37.4623 312.6860
45.2520 224.9150 72.2236 100.1990 137.0980
212.3130 326.4310 53.3041 79.5166 137.2410
214.3800 320.6850 60.0993 91.9442 314.3780
217.4430 324.6360 36.9322 50.6515 310.0730
234.1280 317.9270 19.9249 35.4002 312.1580
383.9870 280.4120 43.8634 72.2113 140.9840
384.4500 285.4180 35.2268 58.1018 146.3890
395.8150 270.8630 15.5494 29.4262 143.5620
380.9630 276.0570 55.2375 82.6656 140.7690
419.8550 144.3530 19.8428 33.1042 312.9430
413.0860 155.0410 28.4740 49.4353 138.5990
404.5620 148.9690 47.3510 81.3560 138.6900
443.4040 36.7016 31.5966 40.8945 143.3450
277.0900 54.7600 42.5287 69.8017 137.4470
277.5270 52.3320 31.5094 53.8152 135.8790
274.3260 57.6518 52.4796 87.8054 137.0810