411.1530 402.4030 35.1497 56.4448 270.6370
299.7920 420.3440 37.1704 58.5885 264.9030
172.3390 387.6060 36.6073 54.5011 299.1190
89.2453 399.1140 45.1344 69.9212 290.8130
206.5770 168.1990 22.4845 29.8763 265.8810
126.2220 195.1540 22.7969 28.9342 256.8820
31.5966 87.2695 20.5616 27.8548 260.0990
254.3680 50.6844 9.0878 12.9238 259.2140
409.0880 417.4660 39.0635 55.4361 273.4010
298.0250 444.1990 38.2918 51.9517 270.5280
249.6880 51.3105 22.5156 29.8660 230.2460
206.1850 191.9910 17.0532 28.7164 266.3430
87.6156 401.9700 34.4144 60.5294 290.4170
78.9799 434.8640 59.5693 70.6040 291.3610