102.3750 64.2853 20.5566 24.1293 170.3950
99.1334 64.4796 30.2116 33.6228 189.4760
88.1577 234.4460 36.1227 43.5726 171.5360
93.2835 234.2470 39.8523 47.0000 174.3140
50.6642 239.5260 27.6246 31.3357 169.5010
54.6331 238.9250 17.4438 21.4429 168.4220
437.5380 273.1830 25.9887 26.6354 259.0380
432.4130 274.1270 35.9984 37.4854 310.2640
457.8150 272.2150 48.1097 51.8887 157.9230
151.2660 69.6369 26.6784 32.1555 188.2090
321.4120 133.7000 13.8865 23.0661 281.1680
492.4620 146.4940 10.4188 12.5619 295.9690
97.4453 49.6746 70.7997 133.5370 295.1950