55.6911 262.0010 28.8166 39.5110 257.7470
183.7360 248.1640 26.1830 33.7858 261.8540
277.5490 210.5350 23.7150 30.2399 275.3090
283.6050 336.9560 32.4618 37.4486 287.6380
368.1220 288.6010 27.5488 34.8980 300.4650
433.4040 251.4930 19.3115 28.3148 289.3600
485.3230 217.9390 16.1450 25.9491 296.4850
353.2110 177.7100 20.1522 29.4160 287.8330
418.2010 150.6050 16.6812 27.1433 294.4540
468.6930 128.6440 13.1143 25.9599 289.5580
109.0610 151.9640 18.2032 32.3604 265.7770
201.7690 119.3150 16.9392 30.6200 267.9410
285.5020 95.6422 15.2722 27.6002 282.4640
351.2020 77.5667 13.9984 26.2160 282.0910
407.6740 62.0449 10.9474 24.3459 281.5940
121.7770 43.4329 12.0341 29.4709 268.8900
21.7118 59.7704 14.2828 30.9385 260.6920
205.6080 25.1119 12.5455 28.0196 273.2910
280.6210 10.8094 8.7317 24.5598 278.8240