260.1080 286.3440 46.1607 57.5552 177.9130
104.5760 102.0370 23.9524 38.2240 151.7020
96.0645 266.8900 57.1271 68.4743 165.1700
142.6010 174.5330 24.3923 39.1565 158.9690
196.5490 298.7100 27.4971 42.3841 187.3380
210.2880 73.2917 27.7565 49.1848 150.7230
16.8742 154.0960 29.7214 46.2783 157.3160
235.4120 173.8300 29.6627 50.2685 165.6960
211.0980 432.9370 41.3788 62.8372 209.7160
220.9910 168.2620 11.1300 19.4024 169.4860
107.2300 183.1450 9.4852 12.9875 159.5950
127.4690 505.0910 41.2877 62.4638 197.2830
11.9755 342.3650 40.9181 55.4029 148.5860
316.1750 216.5930 17.3446 37.8533 175.1630
290.5060 160.2900 28.3139 42.6175 164.5260
262.5050 90.8703 18.3229 36.7862 154.6320
157.6030 52.4622 10.5876 17.3698 160.5980
139.0840 376.8860 42.9799 73.6347 185.0470
204.1650 246.3130 5.4957 12.6716 212.0540
282.1120 229.2850 18.6845 25.7137 143.9350