238.0830 175.0500 159.1480 170.6700 270.0730
349.0160 153.2250 11.9955 12.9408 151.2760
269.8510 90.1346 10.5658 11.6045 234.8270
136.6900 212.2760 13.9345 15.4537 207.8260
92.0916 193.6640 12.3794 14.5166 240.8390
185.3070 259.6600 11.1137 12.7979 294.6390
147.5580 161.6080 9.9627 11.5946 224.2880
275.0210 286.1280 10.0557 11.9235 135.1550
321.9980 278.3370 9.2237 10.7509 269.1860
379.6200 120.7880 10.6467 12.7274 278.2700
241.4860 210.5510 165.2170 168.8480 268.3420
107.5440 128.8260 9.5443 11.1875 258.4510
194.2640 118.7380 9.2666 9.9172 283.4610
156.4120 55.3701 9.8267 11.5517 276.6670
202.6560 51.5818 8.2248 9.2705 271.2840
268.2740 40.9796 10.0883 10.3366 208.7090
316.3950 60.3860 9.1921 10.0168 300.2120
285.1580 312.9850 11.0346 12.5445 258.4570
321.9670 103.6540 8.9052 9.6678 276.2190
356.9300 260.1310 7.3857 8.1784 272.3270
368.4190 194.6610 9.2693 10.4662 260.3230
229.7870 93.6673 7.4583 8.6487 266.4480
225.5900 315.4540 17.1158 19.8015 259.7440
126.7600 266.0300 11.7671 12.3576 285.2200