62.6860 109.5020 34.1297 39.6540 235.8280
112.0570 17.1038 27.8311 31.1071 284.1000
366.1010 150.1130 48.1535 52.0419 314.7610
67.8518 114.8440 27.0124 33.0139 224.2260
68.0595 114.2490 14.4489 17.2558 226.6690
220.7590 283.8550 12.3773 13.3052 164.8790
300.4210 244.7370 9.2079 9.6563 237.1100
185.4350 254.2490 9.5676 10.6422 179.6730
137.0510 207.8000 12.4335 12.8617 168.2850
152.3400 190.8530 7.8464 8.4236 287.0160
162.3910 176.2330 8.0903 8.9268 136.6420
177.0610 161.7310 8.7624 8.9548 257.5590
197.5000 238.5000 9.5127 10.2335 268.4210
179.0000 190.7090 9.4818 10.3053 90.0000
223.2760 209.9050 9.6167 10.2610 145.0600