116.5370 210.7380 20.2757 39.1730 259.7470
176.9220 190.1900 13.9943 27.7828 266.3340
173.7100 162.7620 14.5123 26.6665 262.7560
215.7040 145.1350 13.9787 22.0298 262.9670
258.1210 157.7200 13.7676 25.7106 268.8550
248.8110 198.7310 27.3375 47.2460 270.7740
39.9871 257.4030 18.4208 30.5392 260.7920
143.9010 329.2410 31.3890 54.8293 261.9470
230.7100 340.3080 21.2656 36.7275 267.5880
224.9150 286.0540 32.3849 54.2242 267.8100
148.9630 239.3230 13.5748 23.3741 264.7600
201.9300 243.6890 15.4920 25.8772 263.7610
288.2070 242.4160 21.5325 34.4334 266.5490
303.9030 316.6340 23.1821 41.0975 268.8220
338.5400 365.9910 27.0248 48.2390 268.0740
375.7140 323.0920 19.8553 32.3851 267.9900
355.6440 285.5100 18.4608 34.5775 271.6770
438.0990 288.7370 28.4981 49.0915 269.5830
377.8400 250.2010 17.7427 34.8709 268.0540
347.5700 194.5650 18.1577 33.8647 268.7020
409.6720 206.6170 16.1507 35.3121 271.8740