148.5203 271.7417 21.0717 20.2211 -33.2906
46.5516 228.6313 16.9129 15.1542 -122.2291
36.3011 194.4447 13.8627 12.5584 28.6496
94.5059 188.3797 13.3364 12.1318 -1.6447
117.6826 200.5517 13.8162 13.3654 -89.5590
53.4581 181.1748 12.4710 11.3546 -115.4395
68.7636 172.4663 12.0508 10.3495 61.9654
69.6435 149.0294 9.2623 7.8646 24.7781
151.9167 186.4742 12.3985 10.9517 -12.5627
199.6342 156.1318 9.5074 8.5515 0.4129
227.5838 171.1518 9.3848 8.3632 115.3708
150.9753 162.1702 11.3190 8.3945 79.7328
112.8678 177.7563 11.2565 9.1401 39.9323