70.2264 106.5496 28.3753 27.8278 74.6278
69.3503 168.0672 29.8275 28.8354 14.1515
289.7558 107.9423 29.3539 29.0648 28.4388
290.0330 171.4611 31.4933 30.2944 18.2745
130.9123 147.8264 8.7121 6.9483 10.5820
175.1982 142.3847 13.9935 13.3232 49.6141
38.3770 137.5165 12.6551 11.7148 68.5315
324.9304 140.5509 13.7695 11.8580 44.6294
290.1212 108.2145 21.3501 19.8957 33.8377
288.9946 106.9002 11.8622 10.5559 17.0776
288.7030 168.9744 21.5012 19.3061 31.9023
289.1933 168.1561 15.0370 14.0861 108.8448
71.5508 106.9083 21.0101 19.4089 34.9344
71.6850 106.5871 11.5149 10.8712 5.4382
70.5912 165.2950 21.3165 20.5875 28.0778
71.6587 164.2554 15.5340 15.0425 -71.5968