55.0696 130.6530 54.6463 54.1403 -10.4393
157.1894 149.9494 58.2011 57.5163 34.6811
133.1365 69.6018 50.9701 43.0875 0.9544
212.3176 55.5479 55.8947 53.3920 77.5155
271.8386 145.5583 58.1474 55.3313 8.5714
375.8525 122.1746 55.6421 55.1038 -21.1038
68.3590 169.8477 43.9089 31.5245 -21.0848
369.5131 161.7740 42.9430 31.0623 9.4274
271.6429 184.8161 44.2822 34.3908 3.9052
164.6628 192.0606 44.3150 31.8333 -14.0632
380.9270 144.0625 10.3481 9.2697 -7.6650
204.4150 77.9202 9.3264 8.2683 41.8357
139.4959 178.2659 9.1469 8.8275 90.8195
299.4187 72.4273 50.9639 48.0633 61.9998