243.8450 230.0633 57.0239 54.7790 39.2912
276.1310 223.1956 9.1244 7.4294 74.0090
106.8777 170.2681 43.4511 26.9210 -93.2088
161.0059 208.4197 44.9364 28.8216 88.0751
58.3540 138.0299 39.2917 24.5299 83.5430
267.9207 131.7759 41.7374 24.4075 98.3539
224.4586 227.1340 10.1528 8.2974 -90.5159
98.2355 94.0785 26.2757 17.2528 83.5430
50.1518 64.3058 24.1346 16.2868 -98.2336
17.7035 26.6472 22.1649 14.0438 79.0338
157.7614 126.4403 30.0399 19.1605 83.8008
223.7759 85.2599 27.4002 17.3550 88.2641
275.3618 58.5864 25.9094 16.3843 -87.8975