97.5153 166.6287 25.0555 17.0531 -24.4865
152.1846 141.8659 24.1924 15.6275 -19.6026
206.5582 119.1370 23.3629 15.0889 -14.3073
255.6554 99.8356 21.8290 13.6755 -0.4223
306.0249 83.4239 21.4795 12.1803 0.7027
352.2245 70.1057 20.5545 12.2255 1.9886
123.2370 209.6636 26.7950 18.5586 -20.3727
180.9543 181.4369 24.9527 17.2769 -14.9863
237.0464 156.4663 24.9360 16.4370 -9.4893
231.8717 152.3372 8.9612 5.9105 -2.9342
290.0205 135.6973 23.4580 15.9076 -1.4072
292.3471 128.0556 8.8543 6.2568 -12.4813
339.9693 117.1915 23.9581 13.7347 0.7820
388.0980 103.8647 22.8371 13.0487 6.2189
153.8791 256.7858 28.7343 21.3472 -30.0167
213.1735 225.5826 27.6225 20.1226 -14.9519
271.0441 199.0021 26.8137 18.6807 -6.1559
327.1737 175.5997 25.0879 16.5792 -0.5038
380.7571 155.0347 24.5480 15.6362 8.9519
431.0852 139.2955 23.8923 16.7016 1.8131
267.3134 196.5855 10.3822 5.2747 7.3637
186.6033 310.2029 30.3557 23.5180 -22.2411
186.6591 302.4830 16.4208 8.1873 -21.9999
250.8764 277.2975 29.8328 21.1977 -10.1310
310.8352 246.9444 28.4170 19.9598 -1.1451
369.7746 220.8627 27.3694 18.5268 2.3973
423.8929 199.0661 25.6488 17.6180 6.4240
475.0698 179.4511 24.6683 15.9537 7.1454