-5.6477 92.1694 35.8726 27.1612 90.5560
-12.8660 250.8853 47.5517 41.4804 86.1442
77.8134 92.6780 41.7527 39.3566 38.8649
78.3930 90.8307 25.4316 24.5995 10.7785
166.3987 96.3633 35.1253 33.3567 14.4660
165.6668 96.7484 20.4449 19.1495 41.6838
254.3450 104.7639 38.5959 36.1723 62.0456
333.8712 102.4229 32.0401 29.6933 -6.3300
409.1929 109.3116 23.5790 20.5357 69.5112
405.8389 109.3321 33.2055 30.8358 77.9394
75.8067 253.6389 26.9185 25.3442 -37.6216
75.3494 253.6983 46.9547 45.2995 10.9527
288.7871 272.9647 83.6250 81.8677 -110.1970
163.4197 254.5842 65.6387 36.3017 93.3749
269.1879 183.9944 75.3914 57.6310 91.3180
307.0153 162.0471 72.2306 63.0614 -74.2439
425.0428 266.5794 74.6913 48.1766 89.0491
252.3330 99.7438 20.3175 19.9612 32.6299