151.8841 25.6690 78.3262 14.4090 2.2630
145.4494 191.9491 72.0672 29.5816 3.0850
53.3885 100.5233 48.4057 26.8145 83.2393
54.8803 101.6003 63.6547 46.5764 86.2473
121.3228 97.1696 27.4156 23.3408 -119.3586
153.2341 109.9815 16.3917 15.6900 -13.5860
191.2288 85.2611 23.2929 18.7267 109.2860
139.0814 149.0668 34.9696 33.1334 67.9241
172.0617 179.2908 19.8609 16.0940 -52.6789
194.3477 122.8962 12.3107 9.4815 -64.8588
201.8321 157.1345 26.6604 16.1136 -75.8367
92.0955 167.7441 22.4928 13.5068 74.3012
87.8120 112.6344 16.9950 10.0562 -102.9433