379.1236 202.6142 22.2593 13.1399 4.0097
381.1444 269.7339 24.6180 16.1394 4.2612
518.9622 166.9098 29.0118 14.4664 8.4127
533.7993 211.1777 30.7828 17.4708 13.8541
550.4684 264.3229 28.9160 18.1462 9.0831
566.3551 329.6036 36.3546 24.0569 12.3553
238.7879 161.1741 26.6398 14.8095 -5.2912
143.3434 161.6681 27.6242 14.8064 -4.5826
124.6695 207.4120 29.7585 17.0361 -6.7712
226.4074 208.0995 26.1512 14.8086 -2.9405
103.4129 261.4092 30.4443 19.9334 -6.9208
214.6957 261.5336 24.3466 15.0818 -0.9108
79.2372 322.8695 35.3418 23.4623 -13.2943
201.9638 326.2164 35.6711 24.2902 -3.8111