11.2390 164.8746 13.9593 13.0734 88.1667
120.0103 162.4922 83.1238 81.6853 -3.5046
229.2736 160.3268 15.0435 13.6039 -37.8101
232.2719 155.9419 19.3886 18.0607 49.6668
120.0640 162.2199 24.7354 23.8072 30.9752
139.2537 218.0532 12.9402 12.4574 -132.8976
102.7149 220.5307 14.4925 13.7442 0.6996
74.5788 200.4091 14.0902 12.5102 64.1598
63.0771 168.7898 17.7784 16.1258 30.8847
76.6249 130.3000 20.8641 19.7253 -4.3376
118.1465 109.5894 21.4418 20.5415 16.5304
161.3275 126.4409 18.9825 17.9697 -2.0609
179.5421 161.2569 15.6045 14.9616 92.8650
166.2543 195.9381 15.5269 15.1870 31.5058
316.3863 124.6812 14.2036 12.6847 44.9411
315.8232 56.5504 11.5210 10.6722 -4.1311
322.0059 73.6266 11.8232 11.3443 34.8565
229.4890 46.3194 13.9257 11.1451 -134.4388
230.8976 98.1739 13.9730 10.7999 69.5743