199.7936 203.2973 97.5150 84.2943 83.7550
204.6741 134.6885 15.4511 13.0822 87.4448
239.7598 154.4678 15.7750 14.1443 96.2512
258.6170 194.5805 15.9201 14.6803 63.4895
251.0287 238.6900 15.9818 14.4791 -111.4632
222.1651 268.3320 15.7532 12.7843 -117.9663
184.9487 271.3868 15.5756 11.8492 66.7267
153.2924 250.4666 15.4292 11.6030 -111.6981
137.7413 213.0831 13.6646 12.0977 96.7783
142.9568 173.0005 14.1017 11.6740 -104.4273
168.1745 143.5343 14.3687 12.6129 -107.7046
189.0050 169.8632 15.3764 13.0717 -115.8693
222.4505 188.4112 16.3332 12.8500 69.8894
215.6631 229.4666 15.1219 13.2185 69.4597
180.9030 234.7407 15.4734 12.1070 -106.6103
165.3452 198.1211 14.9543 12.3407 -113.5660
194.0868 203.7863 14.7808 13.6918 66.1422
199.7901 389.0703 89.2282 67.6575 41.0576
185.0067 336.5521 12.7894 12.1627 -89.8971
221.9267 349.0472 14.0782 12.1779 43.8318
154.6627 346.3908 12.9802 11.2936 23.8958
139.6370 374.5933 13.7366 10.2769 -118.6939
181.2285 367.5572 13.7515 12.0630 -101.5339
249.8394 380.8192 14.2395 13.0145 28.2239
215.3504 380.9985 14.3658 13.7393 71.8374
310.7697 142.8973 19.1211 10.3109 -133.9117