158.4389 79.3543 9.7480 3.6930 94.1713
90.5848 56.3633 9.1204 7.1863 4.7550
157.5803 80.4049 23.2134 7.8114 92.0743
48.5109 68.7442 14.1042 10.8920 0.9188
49.6067 71.3536 15.3914 14.3186 32.0077
54.6118 89.6822 17.8004 15.2095 -0.9483
98.8931 44.0157 8.4937 6.7094 11.2919
102.5702 69.5776 8.7256 7.6514 25.6542
111.5383 56.0506 8.7852 6.6924 9.1467
110.8300 33.8644 7.8781 6.7525 -3.3987
123.4932 45.1402 8.6089 7.1782 11.8814
136.4746 37.6052 7.6622 6.6432 28.0073
124.7201 25.7653 7.5528 6.0840 3.1343
112.5598 115.3169 6.2094 2.5706 -47.3154
123.1129 117.4715 5.2046 2.7389 127.7123
124.9637 106.4398 6.0256 2.6444 -35.9245
134.7758 98.3682 5.2791 2.7154 133.0465
133.8147 108.9649 5.4493 3.0923 -39.8790
124.4839 109.0443 25.1775 12.4553 -38.1063
86.7850 70.0617 19.6034 2.6338 -133.2356