120.8331 24.0686 7.3850 4.9836 4.8829
202.2549 148.1262 8.0998 7.2383 21.6945
185.0064 160.4647 7.4579 6.5925 45.5358
152.7684 179.1462 7.9480 6.2044 14.0908
132.7297 188.5564 7.9829 7.0399 33.9277
174.7565 179.1045 5.6785 5.0915 41.2690
166.6124 165.6475 5.9722 5.8507 -25.3769
115.5744 162.4440 6.4293 5.1018 -33.9936
107.8568 148.8625 6.2138 5.8025 -123.6959
173.1721 112.2711 6.2303 4.6692 -4.6493
182.6514 123.8758 6.0809 5.3240 16.1316
119.5166 127.4613 10.3038 5.0658 -26.3985
165.8126 102.7108 8.9829 4.0908 -34.8376
142.9649 114.4622 16.3574 3.9947 -27.0448