84.1433 11.7819 6.5993 3.5781 -4.6164
151.6393 9.2774 15.7278 5.4680 -2.6942
62.8807 172.4886 13.0412 11.2279 122.0629
62.4100 171.8067 4.8731 4.6667 -13.8524
85.5378 174.2092 5.8341 4.1323 -75.4299
108.7908 173.8262 7.3068 5.6021 73.7053
26.2843 161.7973 5.5695 5.1137 40.8994
42.5981 167.7930 6.1577 4.5517 103.5679
68.6067 151.0991 19.0749 4.5054 7.4038
116.6619 156.6763 8.1432 5.2469 2.5646
97.4966 154.7360 9.0858 4.4261 3.5970
42.1457 148.0340 6.5535 3.7974 2.4781
26.0186 147.2284 6.4344 4.5356 -7.4490
68.5329 137.1481 4.7239 3.0065 -75.1090
72.5603 124.6271 5.2971 3.1816 -39.5965
76.6058 112.3296 4.9752 3.2707 -60.1720
87.0105 113.1087 4.4612 2.9608 -33.3547
83.0803 125.4996 4.4823 2.9768 105.6076
78.1476 138.6103 4.8876 4.2006 75.1377
98.1241 113.6917 5.7895 4.2274 -58.5448
93.2898 126.8656 6.5580 3.9920 -65.9245
89.3868 139.7160 5.3634 3.2833 -77.3722
101.0248 140.8778 5.2991 3.5485 126.8357
104.4458 127.7680 5.5225 4.1988 -53.6306
109.0437 114.4981 6.1613 4.2955 -43.1855
120.9391 115.7250 6.1918 4.7415 -33.1129
116.0337 128.5544 5.8190 3.5694 -59.4673
111.2793 141.9737 5.8811 4.6351 -27.9970
132.5476 116.8174 6.5204 5.0324 125.1913
127.6105 130.4617 6.7812 4.4430 -61.5242
123.0485 143.3888 6.5226 4.1613 -60.3439
27.5905 133.8003 5.1852 4.2656 85.7259
32.0260 121.8653 6.7175 3.8737 -46.0503
36.7952 109.2572 5.7187 3.0382 123.4552
45.7894 110.9753 5.4870 3.9338 -24.2332
42.0249 123.0117 5.5161 2.8256 -61.0658
36.9778 134.4782 5.1458 4.0853 -38.5899
56.3450 112.0877 4.4496 3.6144 124.3719
51.0377 123.2397 5.4050 3.6328 104.2554
47.4255 134.9534 5.6895 4.2000 -38.2237
65.9028 111.5706 5.2694 3.8109 -48.2476
61.3177 124.4582 5.3874 4.8460 128.9212
56.9201 136.6111 5.9304 4.3116 111.0163