138.4588 46.3999 41.2144 28.6104 90.8883
197.3130 59.6869 40.0336 29.9046 90.0231
256.0223 78.1075 40.5343 28.4856 88.9689
180.0992 173.1301 41.0300 28.9524 93.2030
243.1807 203.2505 39.5264 27.1274 -59.1980
25.5132 267.1012 40.8706 28.0071 67.5861
77.8410 260.4383 41.1847 27.9373 -89.1580
6.9585 393.9510 53.9663 33.2869 106.5186
94.8891 383.0517 42.3732 28.3872 91.3123
175.9717 383.2226 41.6343 28.7253 -92.3493
255.4576 383.2721 40.8974 28.4140 88.2240
121.5397 272.7238 41.2008 29.0614 109.6699