54.3473 65.3716 8.5947 3.2560 -32.0896
72.5246 59.9877 8.8326 4.1198 -27.2820
89.0368 60.5777 9.1597 4.8173 -31.1408
99.1552 66.8705 9.9652 5.1842 -30.4705
100.8345 79.8103 10.8306 6.0819 -30.2516
90.8864 98.3928 11.7769 7.1963 -33.4241
92.0954 100.1388 9.9344 4.5399 -34.5230
72.0383 117.4168 13.0297 7.2814 -35.8391
73.1603 119.3875 10.4633 4.8841 -30.3696
48.5032 130.6203 13.3202 6.9834 -36.3696
49.7395 132.7880 11.4627 4.4239 -30.8469
24.4826 135.1247 13.4273 6.6680 -40.1838
8.9965 130.9256 12.2639 5.9430 -41.8311
247.8738 85.8774 54.8857 18.0151 -130.2734