263.0073 116.0338 62.7336 58.4267 42.2264
196.0222 186.7106 62.4390 58.4405 42.9604
132.1785 258.3932 61.7052 59.1629 36.9896
263.0163 117.1154 123.0581 54.8332 41.2742
195.9184 187.3368 124.5168 54.9711 40.5150
131.5883 259.6927 124.4924 54.6174 40.5224
261.1155 115.8643 141.6908 62.9991 40.2680
262.0331 116.3955 95.2752 40.6427 40.5580
195.3137 186.9067 140.8102 63.8371 40.8920
195.0549 186.6711 95.2917 41.8465 40.6485
132.0526 259.0538 140.7916 63.6336 40.9069
131.0658 259.1518 95.6961 42.0120 40.8164