124.8523 237.9677 38.3888 15.1628 63.7301
187.5530 282.4320 43.6386 18.5727 62.4008
308.6980 289.5433 18.9704 13.4271 105.0346
236.4923 146.8287 28.4967 13.9564 -1.9714
235.9826 144.4863 20.4799 10.0775 -3.8338
234.7728 142.3884 10.5872 5.0180 1.7370
189.5977 280.8416 35.9780 16.7140 62.7962
127.2629 236.3492 31.1970 13.2206 61.8221
203.0684 53.7463 12.7509 12.0911 17.1801
202.8663 51.0629 24.4894 22.8693 -0.8123
122.3258 18.7630 20.8199 20.0817 -111.8299
124.1067 20.6901 10.7167 10.2504 -46.3729