60.8996 66.1016 51.8155 50.8885 17.4254
176.6473 65.2909 52.5487 51.9553 16.8736
295.4192 64.2513 53.4146 52.8391 -25.2990
179.2580 167.5187 52.2074 50.4707 3.6614
297.8126 167.1090 51.6334 50.7634 26.0805
63.4804 167.5641 52.8657 51.3853 12.3656
52.1295 78.7711 7.6403 7.0000 1.3114
39.4921 43.5222 7.2700 5.1048 -16.7710
88.3838 80.4266 7.8233 5.8167 89.3241
187.9862 91.5873 7.3338 6.1957 -18.9775
159.2085 186.3287 7.2058 5.3475 21.5518
277.1578 76.8683 7.3424 6.7401 14.5188
152.9755 72.3693 7.4687 6.6897 77.3608
196.4930 185.2204 7.2711 6.2533 -18.2911
78.5726 188.6507 7.4435 6.0887 -30.7741
147.2331 151.9439 6.9726 5.2384 121.0832